0,1,2,3,4,5,6,7,8,9,10,11,12,13,14,15,16,17,18,19,20,21,22,23,24,25,26,27,28,29,30,31,32,33,34,35,36,37,38,39,40,41,42,43,44,45,46,47,48,49,50,51,52,53,54,55,56,57,58,59,60,61,62,63,64,65,66,67,68,69,70,71,72,73,74,75,76,77,78,79,80,81,82,83,84,85,86,87,88,89,90,91,92,93,94,95,96,97,98,99,100,101,102,103,104,105,106,107,108,109,110,111,112,113,114,115,116,117,118,119,120,121,122,123,124,125,126,127,128,129,130,131,132,133,134,135,136,137,138,139,140,141,142,143,144,145,146,147,148,149,150,151,152,153,154,155,156,157,158,159,160,161,162,163,164,165,166,167,168,169,170,171,172,173,174,175,176,177,178,179,180,181,182,183,184,185,186,187,188,189,190,191,192,193,194,195,196,197,198,199,200,201,202,203,204,205,206,207,208,209,210,211,212,213,214,215,216,217,218,219,220,221,222,223,224,225,226,227,228,229,230,231,232,233,234,235,236,237,238,239,240,241,242,243,244,245,246,247,248,249,250,251,252,253,254,255,256,257,258,259,260,261,262,263,264,265,266,267,268,269,270,271,272,273,274,275,276,277,278,279,280,281,282,283,284,285,286,287,288,289,290,291,292,293,294,295,296,297,298,299,300,301,302,303,304,305,306,307,308,309,310,311,312,313,314,315,316,317,318,319,320,321,322,323,324,325,326,327,328,329,330,331,332,333,334,335,336,337,338,339,340,341,342,343,344,345,346,347,348,349,350,351,352,353,354,355,356,357,358,359,360,361,362,363,364,365,366,367,368,369,370,371,372,373,374,375,376,377,378,379,380,381,382,383,384,385,386,387,388,389,390,391,392,393,394,395,396,397,398,399,400,401,402,403,404,405,406,407,408,409,410,411,412,413,414,415,416,417,418,419,420,421,422,423,424,425,426,427,428,429,430,431,432,433,434,435,436,437,438,439,440,441,442,443,444,445,446,447,448,449,450,451,452,453,454,455,456,457,458,459,460,461,462,463,464,465,466,467,468,469,470,471,472,473,474,475,476,477,478,479,480,481,482,483,484,485,486,487,488,489,490,491,492,493,494,495,496,497,498,499,500,501,502,503,504,505,506,507,508,509,510,511,512,513,514,515,516,517,518,519,520,521,522,523,524,525,526,527,528,529,530,531,532,533,534,535,536,537,538,539,540,541,542,543,544,545,546,547,548,549,550,551,552,553,554,555,556,557,558,559,560,561,562,563,564,565,566,567,568,569,570,571,572,573,574,575,576,577,578,579,580,581,582,583,584,585,586,587,588,589,590,591,592,593,594,595,596,597,598,599,600,601,602,603,604,605,606,607,608,609,610,611,612,613,614,615,616,617,618,619,620,621,622,623,624,625,626,627,628,629,630,631,632,633,634,635,636,637,638,639,640,641,642,643,644,645,646,647,648,649,650,651,652,653,654,655,656,657,658,659,660,661,662,663,664,665,666,667,668,669,670,671,672,673,674,675,676,677,678,679,680,681,682,683,684,685,686,687,688,689,690,691,692,693,694,695,696,697,698,699,700,701,702,703,704,705,706,707,708,709,710,711,712,713,714,715,716,717,718,719,720,721,722,723,724,725,726,727,728,729,730,731,732,733,734,735,736,737,738,739,740,741,742,743,744,745,746,747,748,749,750,751,752,753,754,755,756,757,758,759,760,761,762,763,764,765,766,767,768,769,770,771,772,773,774,775,776,777,778,779,780,781,782,783,784,785,786,787,788,789,790,791,792,793,794,795,796,797,798,799,800,801,802,803,804,805,806,807,808,809,810,811,812,813,814,815,816,817,818,819,820,821,822,823,824,825,826,827,828,829,830,831,832,833,834,835,836,837,838,839,840,841,842,843,844,845,846,847,848,849,850,851,852,853,854,855,856,857,858,859,860,861,862,863,864,865,866,867,868,869,870,871,872,873,874,875,876,877,878,879,880,881,882,883,884,885,886,887,888,889,890,891,892,893,894,895,896,897,898,899,900,901,902,903,904,905,906,907,908,909,910,911,912,913,914,915,916,917,918,919,920,921,922,923,924,925,926,927,928,929,930,931,932,933,934,935,936,937,938,939,940,941,942,943,944,945,946,947,948,949,950,951,952,953,954,955,956,957,958,959,960,961,962,963,964,965,966,967,968,969,970,971,972,973,974,975,976,977,978,979,980,981,982,983,984,985,986,987,988,989,990,991,992,993,994,995,996,997,998,999,1000,1001,1002,1003,1004,1005,1006,1007,1008,1009,1010,1011,1012,1013,1014,1015,1016,1017,1018,1019,1020,1021,1022,1023,1024,1025,1026,1027,1028,1029,1030,1031,1032,1033,1034,1035,1036,1037,1038,1039,1040,1041,1042,1043,1044,1045,1046,1047,1048,1049,1050,1051,1052,1053,1054,1055,1056,1057,1058,1059,1060,1061,1062,1063,1064,1065,1066,1067,1068,1069,1070,1071,1072,1073,1074,1075,1076,1077,1078,1079,1080,1081,1082,1083,1084,1085,1086,1087,1088,1089,1090,1091,1092,1093,1094,1095,1096,1097,1098,1099,1100,1101,1102,1103,1104,1105,1106,1107,1108,1109,1110,1111,1112,1113,1114,1115,1116,1117,1118,1119,1120,1121,1122,1123,1124,1125,1126,1127,1128,1129,1130,1131,1132,1133,1134,1135,1136,1137,1138,1139,1140,1141,1142,1143,1144,1145,1146,1147,1148,1149,1150,1151,1152,1153,1154,1155,1156,1157,1158,1159,1160,1161,1162,1163,1164,1165,1166,1167,1168,1169,1170,1171,1172,1173,1174,1175,1176,1177,1178,1179,1180,1181,1182,1183,1184,1185,1186,1187,1188,1189,1190,1191,1192,1193,1194,1195,1196,1197,1198,1199,1200,1201,1202,1203,1204,1205,1206,1207,1208,1209,1210,1211,1212,1213,1214,1215,1216,1217,1218,1219,1220,1221,1222,1223,1224,1225,1226,1227,1228,1229,1230,1231,1232,1233,1234,1235,1236,1237,1238,1239,1240,1241,1242,1243,1244,1245,1246,1247,1248,1249
11595.05684316836,11512.556554383822,11551.359182758235,11643.02368676945,11617.945029490595,11529.94621157005,11536.830548862285,11618.928506246628,11611.977113721028,11522.681894622076,11527.666333635609,11605.58451480681,11620.135500447215,11537.47874945149,11507.058025247816,11580.796430205874,11631.177262208135,11556.276566538403,11497.402071643124,11575.38730804769,11639.648573356697,11576.61665399273,11505.046368246838,11578.740069715986,11660.68156488914,11624.248221426991,11512.17657472808,11533.969525572005,11633.546547120399,11620.649590569687,11523.352446955734,11539.579813430288,11624.091759215804,11628.45034938459,11524.33592371177,11496.485650120456,11583.143363373681,11612.066520698849,11533.097807538248,11506.32041768079,11586.831401208807,11636.049942499392,11560.791618918374,11496.75387105392,11560.344584029268,11639.358000678778,11603.483450828011,11533.254269749435,11584.193895363082,11658.848721843806,11626.885727272716,11549.682801924087,11572.012194634939,11654.624242141754,11637.234584955524,11549.481636223989,11547.782903645386,11610.792471264896,11620.336666147312,11527.934554569072,11512.020112516895,11602.231753138514,11632.294849430902,11555.985993860484,11505.828679302775,11572.012194634939,11622.527137103933,11559.294052039868,11499.816060044297,11564.345546286768,11634.06063724287,11576.035508636895,11501.403033900624,11557.19298806107,11641.816692568862,11605.696273529085,11528.716865625009,11555.717772927019,11650.578576395343,11640.073256501348,11557.483560738989,11564.09967709776,11653.037268285427,11658.02170729896,11571.967491146028,11551.00155484695,11629.25501218498,11664.056678301893,11569.642909722676,11519.239725975958,11595.503878057467,11649.59509963931,11573.018023135428,11513.115347995205,11572.682746968598,11640.095608245803,11588.664244254142,11512.645961361643,11544.206624532537,11633.054808742381,11614.43580561111,11526.928726068583,11548.341697256768,11635.11116923227,11635.558204121377,11552.834397892286,11553.10261882575,11630.819634296851,11655.317146219868,11580.371747061223,11548.453455979045,11624.82936678283,11656.077105531349,11570.782848689896,11506.23101070297,11562.199778819058,11612.066520698849,11540.272717508402,11469.03770792934,11515.261115462914,11587.72547098702,11550.33100251329,11464.187379382538,11497.80440304332,11585.803220963862,11561.171598574114,11481.711147035498,11501.470089133989,11597.113203658248,11601.851773482773,11520.178499243082,11506.745100825441,11597.62729378072,11618.68263705762,11538.752798885442,11495.010434986405,11562.467999752522,11606.545639818387,11536.227051761993,11476.905521977607,11546.24063327797,11618.034436468415,11560.746915429463,11497.916161765595,11548.408752490133,11620.448424869588,11573.5321132579,11489.26603666139,11514.143528240149,11600.041282181894,11594.274532112424,11503.057062990316,11509.874345049186,11594.945084446083,11599.236619381503,11511.550725883333,11488.014338971894,11572.973319646517,11604.377520606224,11525.721731867998,11487.679062805064,11562.691517197076,11615.285171900412,11555.695421182565,11486.51677209339,11546.66531642262,11623.309448159867,11564.52436024241,11491.948245996029,11528.269830735902,11600.801241493375,11570.067592867326,11488.170801183081,11508.041502003849,11599.34837810378,11596.263837368946,11503.70526357952,11498.65376933262,11589.647721010175,11607.082081685316,11522.726598110987,11497.871458276684,11585.110316885748,11617.25212541248,11532.76253137142,11482.113478435693,11552.365011258724,11609.585477064309,11531.019095303905,11461.102838647705,11511.841298561252,11576.840171437285,11514.523507895889,11436.113588346672,11485.13096393716,11558.087057839282,11531.689647637564,11461.46046655899,11471.138771908138,11559.830493906797,11554.600185704254,11458.800608968808,11457.884187446141,11553.10261882575,11579.656491238653,11503.772318812886,11473.172780653571,11557.036525849882,11598.34254960329,11526.61580164621,11473.910388220596,11543.178444287592,11601.91882871614,11530.259135992424,11450.195187353514,11504.509926379911,11580.572912761321,11536.651734906643,11457.481856045944,11496.575057098276,11587.747822731475,11570.559331245344,11479.855952245707,11484.572170325777,11578.181276104604,11580.125877872215,11497.267961176392,11483.923969736574,11569.687613211587,11592.687558256097,11509.494365393444,11469.596501540722,11563.429124764101,11607.663227041154,11533.500138938445,11477.598426055722,11537.14347328466,11596.286189113402,11547.179406545092,11480.884132490652,11528.80627260283,11607.752634018974,11568.212398077536,11480.593559812733,11514.523507895889,11608.11026193026,11585.110316885748,11492.84231577424,11501.112461222705,11598.499011814478,11598.051976925371,11507.974446770484,11484.885094748151,11569.844075422774,11603.908133972662,11529.834452847774,11483.74515578093,11559.405810762146,11617.386235879212,11546.598261189254,11482.739327280442,11545.167749544114,11615.128709689227,11560.836322407285,11486.025033715372,11521.385493443668,11604.86925898424,11572.43687777959,11489.154277939115,11505.471051391489,11596.330892602313,11584.484468041,11491.590618084743,11484.84039125924,11577.466020282034,11599.750709503975,11518.770339342396,11483.275769147369,11568.681784711098,11618.01208472396,11541.99380183146,11495.166897197592,11562.356241030246,11618.928506246628,11556.611842705232,11481.867609246685,11542.351429742746,11620.314314402856,11565.753706187452,11469.238873629436,11509.963752027006,11600.756538004463,11571.676918468109,11481.264112146391,11501.201868200525,11589.804183221362,11584.305654085358,11494.742214052942,11491.009472728905,11574.940273158583,11594.207476879059,11509.047330504338,11481.80055401332,11561.305709040846,11599.77306124843,11527.487519679968,11476.32437662177,11552.789694403375,11621.141328947704,11557.885892139184,11489.98129248396,11537.344638984758,11613.072349199338,11567.519493999422,11482.784030769353,11515.864612563208,11603.77402350593,11583.702156985064,11501.537144367356,11507.214487459003,11589.357148332258,11591.078232655314,11501.671254834087,11480.280635390358,11567.72065969952,11600.018930437438,11521.94428705505,11477.911350478096,11558.556444472844,11606.277418884923,11527.509871424421,11471.161123652593,11548.229938534492,11618.079139957326,11555.874235138206,11477.17374291107,11523.955944056028,11608.736110775008,11577.845999937774,11486.293254648836,11499.257266432915,11587.613712264743,11567.228921321503,11481.040594701839,11494.049309974827,11584.216247107535,11598.34254960329,11504.331112424268,11477.978405711461,11564.18908407558,11596.330892602313,11516.244592218947,11467.450734073012,11551.515644969422,11602.254104882968,11525.677028379087,11467.763658495387,11538.66339190762,11602.924657216628,11552.007383347438,11477.911350478096,11516.08813000776,11593.045186167383,11557.327098527801,11468.523617806866,11492.238818673948,11579.455325538556,11571.140476601182,11477.12903942216,11478.246626644925,11565.306671298345,11575.09673536977,11487.74611803843,11460.208768869492,11542.306726253835,11581.712851728542,11494.585751841754,11443.690829717021,11525.341752212258,11589.178334376615,11525.252345234436,11458.331222335246,11518.479766664477,11596.15207864667,11547.00059258945,11467.473085817468,11507.99679851494,11596.397947835678,11568.324156799812,11483.834562758751,11494.138716952648,11585.870276197229,11585.087965141292,11496.284484420357,11484.393356370134,11568.570025988822,11597.001444935971,11510.701359594032,11468.881245718152,11541.971450087005,11578.471848782523,11499.793708299841,11436.672381958055,11497.580885598765,11565.105505598249,11503.347635668235,11431.285611544325,11493.490516363445,11575.029680136406,11532.76253137142,11452.586824010234,11489.780126783864,11589.401851821167,11574.001499891461,11475.184437654549,11479.095992934226,11584.126840129715,11591.927598944618,11497.066795476294,11479.855952245707,11566.446610265566,11605.942142718095,11522.927763811083,11483.32047263628,11567.273624810414,11606.500936329478,11527.308705724325,11462.309832848292,11530.61676390371,11598.3872530922,11542.597298931754,11470.5576265523,11510.030807260371,11590.832363466307,11560.344584029268,11471.27288237487,11498.832583288264,11596.95674144706,11593.514572800943,11515.194060229547,11510.075510749282,11600.130689159714,11614.72637828903,11518.703284109031,11491.121231451181,11581.95872091755,11610.568953820342,11526.459339435023,11476.547894066322,11548.05112457885,11600.354206604268,11529.387417958667,11457.146579879116,11513.338865439757,11586.71964248653,11547.648793178654,11469.328280607258,11508.153260726127,11601.762366504952,11580.95289241706,11489.489554105945,11506.365121169702,11602.567029305343,11598.454308325567,11512.467147406,11505.716920580498,11597.67199726963,11622.996523737494,11535.75766512843,11502.185344956559,11583.031604651405,11616.380407378723,11530.236784247969,11481.755850524409,11555.985993860484,11617.274477156936,11549.90631936864,11477.598426055722,11523.508909166922,11594.3862908347,11554.019040348416,11469.350632351712,11496.262132675904,11579.231808094002,11555.650717693654,11470.5576265523,11487.790821527342,11581.802258706362,11586.585532019799,11499.950170511029,11483.454583103012,11569.397040533668,11594.900380957173,11511.215449716503,11478.313681878291,11560.210473562536,11606.299770629379,11528.13572026917,11473.329242864758,11547.402923989644,11611.977113721028,11548.56521470132,11470.043536429828,11513.405920673124,11590.00534892146,11547.984069345483,11460.722858991965,11486.069737204283,11578.181276104604,11558.399982261657,11458.532388035344,11457.392449068124,11548.14053155667,11564.613767220231,11480.481801090456,11452.989155410429,11544.318383254813,11587.77017447593,11499.279618177368,11456.07369614526,11528.873327836196,11586.138497130692,11523.017170788906,11461.549873536811,11519.597353887244,11593.805145478862,11544.988935588472,11456.341917078724,11487.142620938137,11574.403831291656,11547.291165267368,11467.78601023984,11488.953112239018,11572.749802201963,11557.61767120572,11461.773390981363,11458.375925824157,11546.307688511335,11562.199778819058,11474.916216721085,11444.227271583948,11534.483615694478,11579.947063916572,11507.03567350336,11455.35844032269,11533.254269749435,11586.71964248653,11523.419502189101,11466.534312550344,11518.345656197745,11587.323139586824,11551.314479269324,11468.881245718152,11495.859801275707,11579.410622049645,11548.833435634784,11452.296251332315,11467.048402672817,11562.825627663808,11560.299880540357,11463.226254370958,11448.496454774911,11542.463188465023,11566.938348643584,11475.407955099101,11443.891995417118,11532.226089504491,11576.214322592536,11496.508001864911,11441.522710504856,11516.4681096635,11579.05299413836,11515.082301507271,11441.634469227132,11493.401109385624,11578.963587160539,11528.269830735902,11439.466350014967,11477.061984188795,11568.592377733277,11545.033639077383,11436.627678469144,11436.605326724688,11528.448644691545,11536.13764478417,11449.07760013075,11432.559660978277,11531.466130193012,11566.111334098738,11484.37100462568,11440.963916893474,11520.781996343374,11570.04524112287,11500.687778078054,11441.857986671685,11517.742159097454,11587.72547098702,11528.985086558472,11451.201015854003,11499.436080388556,11581.466982539534,11543.357258243235,11458.13005663515,11477.84429524473,11565.418430020623,11549.99572634646,11450.351649564702,11441.07567561575,11534.304801738836,11548.699325168052,11468.07658291776,11448.764675708375,11542.530243698387,11577.711889471042,11498.296141421335,11448.474103030456,11522.90541206663,11574.716755714031,11507.572115370289,11445.523672762356,11508.197964215036,11580.505857527955,11521.787824843863,11443.22144308346,11490.428327373067,11574.627348736209,11549.168711801614,11456.006640911895,11487.164972682593,11584.015081407439,11562.915034641628,11465.886111961141,11462.64510901512,11557.058877594338,11578.114220871237,11483.968673225483,11463.114495648682,11554.510778726433,11596.15207864667,11510.61195261621,11458.197111868514,11533.388380216167,11594.00631117896,11523.978295800483,11456.990117667929,11516.356350941223,11599.34837810378,11559.785790417885,11477.441963844534,11512.914182295106,11601.650607782676,11577.801296448863,11486.919103493585,11490.27186516188,11579.991767405483,11578.114220871237,11488.595484327732,11473.239835886936,11563.093848597271,11582.316348828836,11487.857876760707,11452.095085632216,11537.657563407132,11584.216247107535,11505.806327558319,11452.676230988054,11514.523507895889,11582.092831384281,11528.627458647188,11455.179626367048,11505.359292669213,11587.479601798012,11547.201758289548,11461.639280514632,11488.729594794464,11578.29303482688,11557.170636316614,11458.465332801978,11462.198074126014,11557.975299117006,11573.24154057998,11484.41570811459,11457.683021746043,11544.363086743724,11572.4815812685,11478.581902811755,11436.046533113305,11521.94428705505,11583.880970940707,11507.169783970092,11437.119416847161,11500.218391444492,11573.979148147006,11518.792691086852,11436.404161024591,11484.080431947761,11565.798409676363,11530.773226114898,11444.316678561769,11477.866646989185,11567.117162599227,11554.42137174861,11459.158236880094,11456.319565334268,11559.897549140162,11571.587511490288,11475.6091207992,11446.954184407496,11537.657563407132,11570.224055078514,11484.527466836867,11440.02514362635,11518.055083519826,11571.587511490288,11501.313626922802,11433.006695867383,11489.154277939115,11566.848941665763,11507.28154269237,11422.479024228935,11462.622757270665,11545.078342566294,11514.143528240149,11431.151501077593,11455.514902533878,11552.365011258724,11543.647830921154,11449.59169025322,11442.327373305247,11542.664354165121,11556.321270027312,11465.059097416293,11437.78996918082,11526.66050513512,11568.43591552209,11481.822905757774,11429.184547565526,11499.234914688459,11556.030697349393,11489.646016317132,11423.417797496057,11479.207751656504,11554.980165359995,11511.46131890551,11421.473195728446,11460.946376436517,11555.33779327128,11531.466130193012,11446.350687307202,11466.489609061433,11559.159941573136,11552.253252536448,11453.905576933095,11427.888146387118,11507.28154269237,11535.601202917243,11448.205882096992,11414.275934013836,11504.80049905783,11563.585586975287,11490.093051206239,11429.095140587706,11493.602275085721,11566.156037587649,11520.245554476447,11452.07273388776,11499.793708299841,11578.091869126782,11522.65954287762,11428.268126042858,11460.499341547411,11555.561310715833,11533.969525572005,11448.138826863627,11448.809379197286,11537.210528518026,11544.072514065805,11446.350687307202,11423.350742262692,11527.979258057983,11558.66820319512,11465.528484049855,11427.865794642663,11507.32624618128,11565.552540487355,11497.133850709659,11436.605326724688,11501.89477227864,11569.352337044756,11515.75285384093,11435.5994982242,11472.50222831991,11549.593394946265,11519.329132953779,11438.21465232547,11469.21652188498,11572.593339990777,11564.077325353304,11472.390469597634,11469.060059673795,11558.757610172941,11569.173523089114,11472.07754517526,11447.602384996699,11537.031714562383,11578.158924360148,11500.061929233305,11444.942527406518,11524.85001383424,11587.211380864546,11511.617781116698,11439.846329670707,11496.910333265107,11576.035508636895,11522.503080666433,11441.701524460499,11480.928835979563,11563.876159653206,11540.920918097607,11450.038725142327,11467.65189977311,11560.90337764065,11557.394153761168,11461.661632259087,11460.02995491385,11546.33004025579,11559.04818285086,11480.280635390358,11451.871568187664,11533.321324982802,11578.896531927174,11498.474955376978,11443.333201805735,11519.575002142788,11578.963587160539,11516.781034085874,11438.035838369828,11498.430251888067,11573.643871980175,11530.840281348263,11440.539233748823,11471.719917263976,11564.747877686963,11542.172615787103,11456.07369614526,11470.825847485763,11564.569063731322,11567.318328299323,11471.027013185862,11450.418704798069,11542.396133231656,11569.24057832248,11483.141658680637,11443.26614657237,11524.268868478403,11571.140476601182,11493.758737296908,11436.180643580037,11504.80049905783,11575.364956303234,11520.781996343374,11442.886166916629,11486.18149592656,11569.106467855749,11530.102673781237,11441.478007015945,11471.6081585417,11560.545749729366,11544.184272788081,11441.41095178258,11449.144655364116,11546.821778633808,11556.81300840533,11460.901672947606,11443.26614657237,11538.171653529604,11573.755630702452,11479.274806889869,11434.50426274589,11522.123101010693,11581.064651139337,11503.682911835065,11438.348762792202,11501.291275178346,11571.363994045734,11510.94722878304,11429.653934199088,11469.93177770755,11555.270738037914,11521.407845188123,11433.87841390114,11453.659707744087,11540.965621586516,11536.987011073472,11445.300155317802,11450.709277475988,11543.357258243235,11557.99765086146,11469.641205029631,11442.483835516434,11523.397150444645,11557.036525849882,11481.398222613123,11430.324486532747,11507.728577581474,11567.564197488333,11502.833545545764,11428.40223650959,11478.60425455621,11558.154113072647,11509.807289815819,11421.763768406365,11458.912367691084,11555.293089782368,11538.305763996335,11440.650992471099,11457.12422813466,11555.449551993555,11549.883967624184,11457.481856045944,11451.64805074311,11547.33586875628,11569.061764366837,11475.229141143458,11444.294326817313,11524.626496389688,11558.914072384128,11476.100859177215,11423.5966114517,11510.27667644938,11580.81878195033,11510.27667644938,11430.682114444031,11485.421536615078,11558.802313661852,11516.758682341419,11428.73751267642,11451.424533298557,11544.921880355107,11528.158072013626,11440.829806426742,11442.84146342772,11536.875252351196,11544.676011166099,11456.766600223375,11450.441056542524,11541.412656475622,11576.348433059267,11493.378757641169,11455.961937422984,11535.936479084074,11572.503933012955,11499.056100732816,11442.103855860694,11507.75092932593,11572.705098713053,11503.392339157146,11423.998942851895,11483.722804036475,11572.570988246322,11522.480728921977,11432.000867366894,11463.449771815513,11551.04625833586,11538.819854118807,11447.892957674618,11439.712219203975,11545.324211755302,11569.598206233764,11484.013376714394,11460.141713636127,11555.516607226922,11590.899418699673,11503.951132768529,11455.35844032269,11535.198871517048,11590.362976832745,11517.071606763793,11447.691791974521,11513.115347995205,11599.370729848235,11540.42917971959,11456.140751378627,11498.989045499451,11574.67205222512,11538.685743652075,11439.175777337048,11460.499341547411,11557.885892139184,11546.575909444799,11451.893919932118,11444.137864606128,11534.19304301656,11553.817874648319,11465.84140847223,11446.015411140372,11540.719752397508,11588.016043664938,11504.621685102187,11448.250585585904,11524.42533068959,11587.926636687118,11517.205717230525,11454.084390888738,11514.32234219579,11578.33773831579,11517.384531186168,11428.625753954144,11464.254434615903,11549.392229246168,11524.537089411866,11436.068884857761,11441.88033841614,11528.470996436,11522.748949855442,11439.443998270512,11439.354591292691,11532.13668252667,11559.294052039868,11478.470144089479,11444.74136170642,11536.651734906643,11583.322177329324,11502.498269378933,11453.860873444186,11527.442816191056,11593.000482678472,11522.167804499604,11443.534367505834,11504.398167657635,11585.423241308123,11533.85776684973,11437.566451736266,11463.025088670862,11541.18913903107,11515.976371285484,11426.725855675442,11435.286573801824,11531.957868571028,11545.19010128857,11451.625698998654,11439.511053503878,11532.606069160232,11557.707078183543,11481.442926102034,11446.283632073837,11533.65660114963,11580.081174383304,11497.826754787775,11440.36041979318,11511.573077627789,11584.260950596446,11523.844185333752,11444.942527406518,11490.316568650791,11572.258063823947,11531.980220315483,11436.113588346672,11459.739382235932,11551.292127524868,11539.065723307816,11450.530463520345,11451.826864698753,11545.726543155497,11562.065668352327,11468.188341640038,11445.188396595526,11537.277583751391,11575.566122003333,11488.528429094367,11441.478007015945,11518.010380030917,11583.72450872952,11503.839374046252,11436.404161024591,11508.265019448403,11575.923749914617,11522.61483938871,11437.275879058347,11478.157219667104,11562.847979408263,11528.649810391642,11439.712219203975,11461.21459736998,11543.580775687788,11536.718790140008,11451.916271676573,11445.322507062258,11529.387417958667,11544.743066399464,11460.946376436517,11438.304059303291,11528.985086558472,11575.275549325414,11496.306836164813,11456.185454867536,11527.152243513137,11586.67493899762,11521.005513787928,11441.187434338026,11483.566341825288,11551.359182758235,11504.733443824463,11417.583992193222,11455.760771722886,11549.660450179632,11525.453510934534,11440.159254093081,11456.923062434562,11541.412656475622,11537.031714562383,11448.764675708375,11436.068884857761,11531.779054615386,11561.23865380748,11471.876379475163,11432.827881911742,11511.506022394422,11566.446610265566,11489.333091894758,11421.652009684089,11487.120269193681,11553.61670894822,11495.479821619967,11431.062094099772,11485.80151627082,11565.083153853793,11521.251382976936,11425.407102752579,11455.850178700708,11549.99572634646,11530.840281348263,11438.92990814804,11435.957126135485,11522.61483938871,11524.581792900777,11430.302134788291,11428.134015576126,11518.368007942201,11549.28047052389,11461.661632259087,11418.07573057124,11504.845202546741,11559.338755528779,11487.924931994074,11432.090274344717,11505.448699647033,11581.556389517355,11518.211545731014,11438.393466281113,11497.379719898669,11581.623444750721,11537.366990729213,11442.774408194353,11461.281652603348,11549.548691457354,11536.182348273082,11447.244757085415,11443.243794827915,11527.4204644466,11539.468054708012,11454.21850135547,11431.754998177887,11516.691627108054,11551.537996713878,11474.290367876336,11433.319620289758,11512.444795661546,11563.920863142117,11495.36806289769,11431.978515622439,11497.647940832132,11573.554465002355,11525.05117953434,11457.370097323668,11498.273789676881,11578.829476693807,11547.268813522913,11459.806437469297,11476.547894066322,11562.982089874995,11546.95588910054,11448.250585585904,11444.27197507286,11538.819854118807,11554.913110126628,11462.421591570568,11432.961992378474,11519.70911260952,11561.23865380748,11483.834562758751,11431.3973702666,11505.582810113765,11567.228921321503,11499.391376899646,11434.258393556882,11486.092088948739,11562.847979408263,11521.407845188123,11445.635431484632,11478.134867922648,11565.329023042801,11541.658525664632,11453.257376343892,11465.5061323054,11555.293089782368,11550.95685135804,11463.807399726797,11448.876434430651,11536.249403506446,11563.786752675385,11466.802533483808,11432.02321911135,11513.830603817774,11559.606976462243,11477.106687677704,11420.534422461322,11485.421536615078,11553.19202580357,11504.197001957536,11427.821091153752,11474.5585888098,11556.723601427508,11525.85584233473,11437.007658124883,11464.142675893627,11557.394153761168,11540.272717508402,11451.536292020834,11459.940547936028,11559.316403784323,11566.647775965665,11473.977443453961,11448.69762047501,11532.4719586935,11563.406773019646,11481.487629590945,11430.59270746621,11513.56238288431,11571.229883579002,11492.574094840777,11425.384751008123,11497.491478620945,11569.933482400595,11512.221278216992,11429.743341176909,11476.927873722063,11562.646813708165,11537.881080851685,11451.379829809646
15531.199041747934,15446.262412817767,15323.014893891204,15393.109964503046,15532.562498159707,15492.709337795895,15348.51823431471,15367.628975823996,15509.674311837472,15509.517849626285,15368.701859557852,15340.426902821888,15480.125305667558,15511.864782794093,15364.544435089165,15305.424071004878,15437.656991202473,15495.503305852808,15356.095475685059,15270.801218843606,15375.921473016915,15464.970822926858,15344.98665869077,15235.239593415214,15323.12665261348,15437.500528991286,15327.619353248998,15173.951110118762,15234.971372481748,15380.548284119164,15336.045960908648,15188.278578314612,15201.779031965618,15352.318030872111,15354.486150084276,15186.222217824725,15158.438999466778,15307.994521617238,15354.352039617545,15219.526317063132,15156.874377354907,15286.335681240045,15357.41422860792,15225.96361946626,15124.151423472336,15229.517546834655,15350.932222715883,15254.126817479948,15135.215536977714,15210.58561928101,15349.479359326288,15297.980940101259,15160.51771170112,15204.148316877881,15353.905004728438,15334.615449263509,15185.439906768788,15179.24847355467,15327.887574182461,15345.724266257796,15207.210505868257,15179.851970654961,15331.821481206594,15397.870886072027,15266.509683908187,15202.874267443929,15335.978905675282,15432.493738233297,15329.407492805421,15246.929555765339,15352.318030872111,15471.698698007905,15390.986548779792,15278.333756725046,15355.961365218327,15482.002852201804,15435.57827896813,15298.070347079081,15337.588231276064,15474.626776531552,15460.165197868968,15313.761271686706,15307.726300683773,15445.234232572822,15453.236157087822,15302.227771547768,15246.393113898412,15379.162475962936,15427.822223642139,15292.817687132085,15213.066662915548,15331.597963762042,15423.396578239988,15319.50567001172,15213.290180360102,15303.993559359737,15426.637581186007,15356.2742896407,15228.82464275654,15288.459096963299,15433.544270222697,15396.172153493424,15260.362954182978,15284.07815505006,15441.456787759877,15445.658915717473,15306.765175672195,15289.576684186064,15444.183700583424,15494.095145952124,15348.473530825799,15279.808971859095,15403.011787296748,15467.250700861301,15338.728170243285,15258.105427992992,15376.457914883842,15481.68992777943,15392.729984847307,15284.301672494612,15361.75046703225,15491.390584873032,15424.357703251566,15287.02858531816,15331.75442597323,15463.62971825954,15428.515127720253,15274.131628767447,15274.936291567838,15405.42577569792,15402.609455896552,15246.996610998704,15207.925761690827,15335.531870786175,15374.647423582963,15229.226974156736,15151.062923796526,15265.749724596708,15347.110074414024,15229.405788112377,15133.159176487825,15243.085055719026,15356.296641385155,15270.465942676778,15152.024048808105,15228.77993926763,15358.174187919401,15303.45711749281,15163.62460418041,15197.82277319703,15347.735923258773,15335.151891130436,15189.038537626093,15183.294139301079,15332.402626562432,15355.111998929026,15206.495250045687,15171.537121717587,15313.046015864136,15380.123600974513,15252.562195368077,15183.562360234542,15303.188896559346,15395.680415115407,15283.02762306066,15178.91319738784,15285.732184139752,15398.362624450045,15319.4162630339,15191.25136032717,15248.047142988104,15392.551170891664,15345.903080213438,15207.992816924194,15240.49225336221,15391.165362735435,15381.66587134193,15235.686628304318,15224.756625265674,15372.591063093074,15407.012749554247,15264.520378651665,15225.628343299431,15358.710629786328,15416.62399967003,15287.766192885185,15208.305741346569,15331.195632361847,15423.240116028801,15311.4143385189,15199.700319731275,15284.189913772336,15394.227551725811,15309.849716407029,15184.165857334836,15232.087997447015,15366.399629878955,15338.527004543186,15195.453488284766,15210.563267536554,15355.022591951203,15346.640687780464,15193.82181093953,15175.33691827499,15321.427920034877,15358.062429197125,15207.657540757364,15144.625621393398,15275.74095436823,15348.629993036986,15222.856726986973,15131.594554375954,15240.15697719538,15345.634859279975,15236.535994593622,15109.913362254307,15191.944264405283,15323.50663226922,15262.128741994948,15131.706313098231,15183.808229423552,15330.614487006009,15303.255951792713,15155.801493621051,15171.760639162141,15319.148042100436,15330.010989905715,15190.044366126582,15166.396220492867,15308.50861173971,15350.775760504695,15210.67502625883,15161.680002412797,15289.21905627478,15368.52304560221,15254.842073302518,15159.690697156275,15262.285204206135,15380.145952718969,15305.513477982699,15185.864589913439,15261.793465828117,15393.71346160334,15337.342362087056,15202.449584299278,15244.023828986148,15387.119696989024,15365.147932189457,15220.398035096889,15234.703151548285,15378.380164907,15401.3354064626,15252.785712812629,15213.647808271386,15357.257766396735,15419.52972644922,15283.429954460855,15205.467069800743,15329.966286416804,15424.134185807014,15311.034358863159,15206.562305279054,15304.775870415673,15424.201241040379,15346.32776335809,15215.972389694738,15279.943082325826,15416.176964780923,15374.558016605142,15222.29793337559,15255.244404702713,15395.90393255996,15388.706670845351,15236.357180637979,15228.48936658971,15383.833990554094,15425.38588349651,15275.249215990212,15220.196869396792,15369.439467124877,15445.39069478401,15318.3657310445,15230.098692190491,15343.064408667615,15451.425665786943,15342.75148424524,15226.768282266652,15318.432786277866,15444.116645350057,15360.766990276217,15208.596314024488,15265.59326238552,15410.14199377799,15368.970080491315,15217.425253084333,15236.625401571442,15383.722231831818,15389.466630156832,15238.905279505883,15217.760529251163,15368.14306594647,15413.38299672401,15273.125800266958,15214.050139671583,15343.936126701372,15430.124453321036,15304.485297737754,15212.01613092615,15326.948800915337,15435.95825862387,15338.728170243285,15208.372796579933,15284.413431216888,15418.434490970909,15355.268461140211,15210.384453580911,15260.854692560995,15408.733833877306,15387.47732490031,15233.96554398126,15239.151148694891,15386.784420822194,15404.084671030603,15253.322154679556,15223.169651409347,15367.293699657166,15427.106967819569,15285.910998095394,15219.213392640757,15352.586251805575,15440.540366237208,15314.990617631749,15214.184250138314,15327.597001504542,15446.329468051134,15354.620260551008,15222.58850605351,15295.432841233354,15441.948526137892,15390.628920868508,15234.256116659179,15266.107352507992,15418.47919445982,15408.040929799192,15262.97810828425,15264.296861207113,15422.211935783856,15449.592822741608,15289.107297552502,15244.672029575353,15387.790249322683,15453.839654188116,15315.974094387782,15239.911108006372,15360.744638531762,15454.309040821678,15339.778702232685,15240.045218473104,15335.710684741818,15456.67832573394,15377.776667806706,15244.58262259753,15299.053823835115,15430.951467865882,15385.510371388242,15242.995648741204,15268.275471720157,15418.434490970909,15404.330540219611,15258.418352415367,15246.817797043062,15390.383051679499,15421.183755538912,15280.032489303649,15227.260020644668,15363.09157169957,15427.486947475309,15291.633044675953,15215.346540849989,15338.348190587545,15438.685171447418,15334.257821352223,15220.755663008174,15310.98965537425,15432.136110322013,15365.28204265619,15233.2949916476,15289.844905119528,15427.688113175407,15395.613359882042,15245.20847144228,15263.961585040282,15415.417005469442,15420.088520060603,15271.583529899543,15244.515567364166,15395.345138948578,15442.395561026999,15294.941102855339,15228.265849145157,15357.078952441092,15431.040874843702,15299.724376168773,15196.682834229809,15309.067405351092,15420.490851460798,15324.914792169904,15203.857744199962,15290.180181286358,15421.00494158327,15355.961365218327,15211.323226848035,15261.122913494459,15415.640522913996,15382.537589375686,15220.599200796987,15227.528241578131,15381.956444019848,15390.360699935043,15231.3950933689,15193.57594175052,15348.629993036986,15402.184772751902,15255.579680869543,15191.497229516177,15312.710739697308,15393.825220325616,15277.082059035547,15177.035650853593,15273.528131667154,15388.304339445156,15302.3618820145,15173.057040340549,15242.68272431883,15375.452086383355,15323.484280524764,15184.165857334836,15226.075378188538,15377.642557339974,15373.395725893466,15224.06372118756,15216.978218195227,15370.557054347642,15396.462726171343,15240.939288251317,15201.019072654139,15339.331667343578,15401.491868673787,15269.214244987279,15184.501133501666,15303.88180063746,15403.615284397041,15292.303597009612,15173.302909529557,15268.096657764514,15404.665816386441,15334.593097519053,15191.67604347182,15255.713791336275,15411.48309844531,15375.89912127246,15222.432043842322,15255.311459936078,15414.321769991133,15419.417967726944,15267.582567642043,15245.968430753761,15402.542400663186,15443.58020348313,15298.31621626809,15242.883890018928,15382.984624264793,15452.185625098424,15321.047940379136,15232.512680591666,15353.815597750618,15461.171026369457,15358.397705363956,15229.450491601288,15307.815707661595,15441.210918570867,15374.401554393955,15229.338732879012,15279.071364292071,15426.592877697096,15400.776612851218,15250.68464883383,15269.795390343117,15423.240116028801,15435.265354545756,15277.774963113663,15248.337715666023,15395.926284304416,15443.781369183227,15305.714643682795,15244.11323596397,15378.447220140366,15462.355668825589,15341.097455155546,15246.437817387321,15359.850568753549,15471.497532307809,15372.099324715058,15243.68855281932,15316.711701954808,15450.48689251982,15392.014729024737,15244.336753408523,15280.568931170576,15431.510261477264,15412.71244439035,15254.819721558062,15251.69047733432,15409.113813533046,15434.125415578535,15285.665128906385,15248.11419822147,15399.927246561916,15456.946546667403,15317.046978121636,15241.006343484682,15368.478342113298,15465.887244449526,15353.010934950225,15245.052009231093,15341.455083066832,15464.099104893103,15376.279100928201,15231.73036953573,15299.724376168773,15447.335296551622,15406.744528620784,15255.713791336275,15287.430916718355,15437.679342946929,15427.844575386594,15272.008213044193,15258.731276837741,15407.549191421174,15438.416950513954,15290.448402219821,15243.241517930213,15384.348080676566,15457.661802489973,15325.965324159304,15246.147244709402,15366.198464178857,15464.076753148647,15362.532778088187,15251.913994778872,15337.945859187348,15473.196264886412,15402.251827985267,15261.011154772183,15312.59898097503,15450.77746519774,15413.830031613117,15259.82651231605,15284.592245172531,15437.232308057823,15435.354761523577,15276.009175301693,15252.741009323718,15405.895162331482,15444.273107561245,15296.125745311469,15239.218203928258,15378.983662007293,15452.319735565155,15328.17814686038,15236.357180637979,15351.13338841598,15460.567529269163,15361.258728654235,15238.100616705493,15329.27338233869,15465.999003171803,15391.94767379137,15255.199701213802,15307.726300683773,15456.343049567111,15415.372301980533,15251.198738956302,15260.050029760603,15409.694958888884,15426.794043397194,15277.082059035547,15253.657430846386,15408.2867989882,15466.356631083088,15317.382254288466,15245.163767953369,15380.168304463425,15469.374116584555,15346.081894169081,15252.718657579264,15362.868054255016,15474.313852109177,15379.251882940756,15254.372686668956,15330.458024794822,15468.63650901753,15415.551115936176,15264.632137373941,15298.293864523634,15446.86590991806,15423.57539219563,15261.145265238914,15262.016983272671,15417.741586892795,15446.687095962418,15297.176277300869,15254.126817479948,15396.038043026692,15458.421761801454,15328.692236982852,15250.841111045018,15372.546359604165,15466.446038060909,15353.055638439137,15247.510701121177,15343.354981345534,15462.690944992417,15376.860246284039,15245.096712720004,15309.447385006832,15456.700677478395,15414.411176968953,15269.88479732094,15305.781698916162,15451.380962298032,15436.76292142426,15284.79341087263,15278.780791614152,15428.2916102757,15456.968898411858,15313.537754242154,15270.3541839545,15411.99718856778,15482.11461092408,15348.965269203814,15261.793465828117,15377.03906023968,15477.331337610643,15374.446257882866,15260.988803027727,15357.257766396735,15490.92119823947,15419.417967726944,15283.608768416498,15342.706780756329,15489.423631360965,15454.085523377124,15298.070347079081,15311.324931541078,15462.57918627014,15469.709392751383,15317.941047899849,15290.470753964277,15445.703619206384,15483.075735935658,15332.872013195994,15273.237558989234,15406.185735009401,15485.243855147823,15366.75725779024,15266.532035652643,15375.742659061272,15496.151506442013,15401.38010995151,15276.009175301693,15357.123655930003,15490.272997650267,15431.778482410728,15283.02762306066,15326.32295207059,15479.074773678158,15451.604479742586,15292.303597009612,15299.545562213132,15456.63362224503,15473.553892797698,15321.584382246065,15285.531018439653,15434.594802212097,15483.567474313675,15342.84089122306,15271.583529899543,15407.012749554247,15493.916331996481,15368.500693857754,15261.793465828117,15369.37241189151,15494.653939563506,15400.62015064003,15266.77790484165,15339.443426065855,15485.713241781385,15431.219688799345,15291.476582464766,15325.317123570101,15475.565549798674,15456.611270500574,15296.237504033747,15295.946931355827,15452.699715220895,15476.303157365699,15321.919658412893,15276.947948568815,15421.67549391693,15485.48972433683,15348.294716870156,15268.566044398076,15390.76303133524,15485.869703992572,15377.866074784528,15256.20552971429,15357.458932096832,15483.00868070229,15397.37914769401,15255.713791336275,15322.79137644665,15469.195302628912,15423.754206151272,15275.562140412587,15304.105318082014,15457.147712367501,15451.515072764763,15293.801163888118,15282.200608515814,15431.86788938855,15464.501436293298,15315.929390898871,15261.189968727824,15406.14103152049,15475.319680609666,15344.249051123745,15253.120988979459,15368.500693857754,15471.497532307809,15366.667850812419,15249.678820333342,15338.348190587545,15473.978575942348,15405.403423953465,15265.21328272978,15322.858431680017,15472.995099186313,15438.48400574732,15289.956663841805,15311.257876307713,15459.539349024219,15452.833825687627,15291.297768509123,15248.561233110577,15393.668758114429,15444.362514539065,15300.864315135994,15243.085055719026,15388.505505145253,15477.353689355099,15352.586251805575,15251.981050012238,15364.052696711147,15484.01450920278,15392.394708680476,15263.73806759573,15341.343324344556,15466.982479927836,15390.718327846329,15239.039389972615,15287.006233573704,15439.311020292167,15412.041892056692,15251.466959889765,15250.394076155912,15406.453955942865,15421.831956128117,15258.597166371008,15230.501023590688,15382.381127164499,15427.91163061996,15281.284186993145,15206.517601790143,15337.163548131413,15431.599668455085,15310.967303629794,15205.824697712029,15301.512515725199,15418.993284582291,15329.675713738885,15189.597331237475,15251.913994778872,15394.384013936999,15341.030399922181,15193.240665583691,15225.91891597735,15373.105153215547,15357.973022219305,15196.258151085158,15183.987043379193,15331.083873639569,15349.345248859556,15204.684758744808,15158.640165166875,15305.714643682795,15378.46957188482,15240.089921962015,15156.583804676988,15281.954739326804,15385.353909177054,15277.88672183594,15160.584766934488,15260.653526860897,15394.85340057056,15324.199536347334,15188.47974401471,15243.845015030505,15392.2829499582,15356.877786740994,15206.986988423705,15229.986933468215,15385.063336499135,15383.051679498158,15234.479634103733,15216.799404239584,15364.56678683362,15409.382034466511,15267.448457175311,15207.098747145981,15349.792283748662,15432.851366144583,15300.394928502434,15213.066662915548,15328.602830005031,15438.975744125337,15327.395835804444,15208.573962280032,15301.870143636483,15437.187604568911,15370.579406092098,15222.521450820142,15275.83036134605,15427.19637479739,15397.826182583116,15249.052971488592,15267.269643219668,15421.407272983466,15433.946601622893,15274.198684000814,15246.616631342964,15399.256694228256,15453.01263964327,15305.871105893983,15238.279430661134,15379.698917829863,15464.412029315476,15344.405513334932,15246.01313424267,15353.435618094876,15469.664689262474,15378.871903285017,15248.248308688202,15328.245202093745,15465.06022990468,15404.218781497335,15263.425143173356,15300.730204669262,15451.738590209317,15425.207069540867,15269.080134520547,15271.4047159439,15429.923287620937,15448.609345985575,15296.17044880038,15257.479579148243,15410.14199377799,15465.417857815964,15318.969228144793,15247.06366623207,15380.2800631857,15475.163218398478,15355.737847773773,15245.476692375743,15346.372466847,15466.177817127445,15382.939920775882,15247.890680776916,15314.07419610908,15456.968898411858,15404.95638906436,15253.411561657378,15277.730259624752,15438.416950513954,15430.504432976775,15273.930463067349,15267.873140319962,15423.664799173452,15448.58699424112,15297.779774401162,15250.371724411456,15388.23728421179,15458.44411354591,15321.718492712796,15241.095750462504,15366.489036856776,15470.648166018507,15356.52015882971,15231.35038987999,15324.378350302977,15459.047610646203,15378.067240484625,15236.245421915703,15291.54363769813,15450.419837286454,15407.169211765435,15255.44557040281,15284.994576572726,15442.44026451591,15444.541328494708,15291.409527231399,15276.813838102084,15430.347970765588,15462.758000225784,15313.247181564235,15251.913994778872,15384.929226032404,15456.186587355924,15325.227716592279,15237.698285305296,15362.08574319908,15470.379945085044,15359.649403053452,15238.100616705493,15318.3657310445,15453.3479158101,15381.464705641833,15230.053988701582,15278.914902080884,15428.470424231342,15396.060394771148,15237.988857983215,15254.082113991037,15415.886392103004,15426.928153863926,15278.40081195841,15250.952869767294,15404.688168130895,15456.410104800476,15315.46000426531,15253.97035526876,15379.922435274415,15460.34401182461,15336.738864986763,15235.06077945957,15346.171301146902,15458.689982734917,15364.678545555897,15238.72646555024,15321.65143747943,15455.024296644247,15393.892275558983,15247.845977288007,15292.571817943075,15441.836767415616,15425.184717796412,15258.060724504081,15259.178311726846,15422.413101483955,15451.604479742586,15294.963454599794,15254.73031458024,15402.967083807836,15454.510206521774,15313.090719353047,15242.593317341009,15366.980775234793,15458.77938971274,15341.99152493376,15232.11034919147,15342.192690633858,15465.01552641577,15369.528874102698,15241.319267907056,15306.005216360714,15451.49272102031,15396.418022682432,15245.700209820297,15281.395945715421,15432.001999855282,15428.202203297878,15272.701117122308,15262.3522594395,15420.267334016246,15457.81826470116,15318.499841511231,15277.462038691288,15422.435453228409,15490.183590672445,15349.94874595985,15266.26381471918,15384.90687428795,15488.931892982948,15383.901045787461,15273.59518690052,15359.627051308997,15480.460581834386,15395.792173837683,15254.864425046973,15306.608713461008,15456.097180378101,15418.412139226455,15261.16761698337,15269.862445576484,15421.3402177501,15426.458767230364,15282.491181193733,15266.196759485812,15414.81350836915,15462.132151381034,15316.93521939936,15258.887739048927,15400.19546749538,15474.58207304264,15344.003181934737,15248.740047066218,15361.348135632055,15469.172950884456,15363.382144377489,15244.87319527545,15336.98473417577,15471.452828818898,15399.815487839638,15254.663259346875,15296.59513194503,15438.349895280588,15413.159479279457,15261.614651872474,15269.996556043216,15432.829014400128,15448.810511685671,15297.042166834137,15276.12093402397,15423.776557895728,15480.68409927894,15347.445350580854,15286.335681240045,15416.869868859038,15497.559666342697,15372.166379948423,15274.422201445366,15383.342252176077,15496.956169242403,15405.224609997824,15278.043184047126,15355.447275095854,15497.716128553884,15438.416950513954,15293.443535976832,15330.189803861358,15479.790029500728,15464.054401404192,15314.208306575812,15312.17429783038,15470.49170380732,15494.45277386341,15345.344286602056,15302.093661081037,15447.514110507263,15515.21754446239,15378.693089329374,15294.717585410785,15421.876659617026,15510.836602549149,15388.080822000602,15280.591282915031,15375.474438127809,15502.566457100686,15420.982589838815,15285.419259717377,15347.959440703326,15493.089317451635,15445.658915717473,15304.306483782111,15326.79233870415,15472.078677663647,15473.218616630867,15321.539678757154,15305.468774493787,15455.2478140888,15490.138887183535,15348.160606403424,15308.709777439808,15451.15744485348,15517.497422396831,15393.981682536803,15311.593152474541,15428.58218295362,15529.768530102794,15416.512240947754,15287.341509740534,15366.131408945492,15490.965901728381,15416.154613036468,15281.641814904431,15336.314181842112,15479.499456822808,15450.263375075267,15305.98286461626,15319.975056645282,15463.897939193004,15471.721049752361,15317.695178710841,15296.148097055924,15449.793988441705,15495.190381430433,15351.37925760499,15285.285149250645,15426.525822463731,15508.936704270447,15379.810676552139,15278.333756725046,15385.756240577251,15497.090279709135,15403.347063463578,15285.441611461833,15366.46668511232,15497.850239020616,15427.598706197585,15280.054841048104,15327.306428826623,15476.97370969936,15451.626831487041,15292.92944585436,15295.276379022167,15444.563680239164,15457.3488780676,15316.376425787977,15286.894474851428,15432.516089977753,15488.26134064929,15347.355943603034,15274.533960167642,15400.776612851218,15487.099049937613,15370.04296422517,15270.555349654598,15372.166379948423,15481.667576034974,15379.60951085204,15248.58358485503,15321.785547946161,15454.398447799498,15395.635711626497,15244.694381319809,15277.015003802182,15422.591915439596,15411.393691467489,15258.843035560018,15249.052971488592,15402.85532508556,15430.459729487864,15280.010137559193,15236.178366682336,15379.52010387422,15445.748322695295,15315.147079842936,15241.073398718048,15366.869016512515,15460.902805435993,15356.006068707236,15243.86736677496,15349.434655837376,15470.961090440882,15394.85340057056,15263.73806759573,15325.048902636636,15463.875587448549,15425.564697452153,15274.31044272309,15299.210286046302,15444.34016279461,15435.757092923772,15281.708870137796,15276.724431124263,15427.397540497488,15465.484913049331,15323.104300869025,15277.618500902476,15420.155575293968,15496.263265164289,15368.56774909112,15279.11606778098,15395.054566270659,15499.951302999414,15401.089537273592,15282.088849793536,15365.75142928975,15502.745271056328,15438.52870923623,15299.120879068481,15354.687315784375,15502.409994889498,15470.245834618312,15322.456100279822,15331.93323992887,15481.734631268338,15491.59175057313,15341.052751666637,15316.041149621147,15468.122418895056,15512.490631638842,15368.277176413201,15303.747690170729,15439.489834247808,15514.88226829556,15388.706670845351,15291.208361531302,15403.615284397041,15519.285561953255,15426.794043397194,15296.617483689486,15371.94286250387,15514.815213062193,15458.689982734917,15310.408510018411,15352.876824483494,15508.981407759358,15485.892055737026,15333.453158551833,15345.903080213438,15496.822058775671,15515.061082251203,15358.46476059732,15319.662132222908,15468.234177617334,15525.856974823115,15390.383051679499,15317.918696155393,15452.051514631692,15541.83847210866,15415.327598491622,15311.07906235207,15412.511278690254,15533.478919682375,15442.328505793634,15309.64855070693,15380.637691096985,15530.014399291802,15483.54512256922
20519.3931483499,20545.611744595975,20017.797651028355,19905.41307990707,20410.562504597012,20590.3599369955,20113.910152186174,19867.281003866316,20309.420860936745,20624.08871937856,20204.412365485714,19835.697988950968,20208.413327743212,20611.83996341705,20289.371346160337,19844.34811405517,20108.277512583438,20589.778791639663,20384.500370562124,19879.59681506119,20014.087261448774,20554.418331911365,20491.81109569205,19966.500397503423,19972.580071995268,20503.52340978663,20562.330849448546,20029.085281978285,19890.7950390333,20401.08536494796,20609.336568038056,20126.18125989214,19854.74167522689,20283.135209457305,20635.08577765057,20216.839935402862,19822.845735889165,20179.289004717946,20611.594094228043,20321.602561664888,19857.69210549499,20092.005442619975,20589.532922450653,20424.554696626034,19911.023367765352,19992.24960711594,20532.848898511995,20506.183267376815,19983.6665372451,19938.13603378964,20462.48560696669,20577.440628700333,20068.245538263982,19890.191541933007,20381.482885060657,20624.64751298994,20166.07912374486,19861.961288685954,20264.069171436928,20615.706815207817,20247.350066584357,19829.77477667031,20144.50969034549,20592.75157365222,20337.6511141838,19855.859262449656,20041.624610617713,20546.796387052105,20423.302998936535,19915.046681767308,19960.46542650049,20494.515656771142,20510.72067150124,19992.160200138118,19920.969894047965,20421.268990191104,20577.105352533505,20082.997689604486,19876.02053594834,20341.16033806328,20625.47452753479,20192.00714731302,19866.297527110284,20267.95837497215,20655.381161615987,20318.339206974415,19882.07785869573,20162.972231265572,20624.6698647344,20397.866713746396,19896.382975147128,20049.73829385499,20562.59907038201,20472.253319293657,19938.85128961221,19944.573336192767,20479.584691475,20538.190965436814,20022.312703408326,19888.60456807668,20388.993071197638,20582.849750858517,20110.512687028968,19856.97684967242,20314.785279606018,20627.776757213684,20219.47744124859,19851.21009960295,20212.011958600517,20622.41233854441,20314.181782505726,19855.099303138173,20101.12495435774,20582.782695625152,20387.47315257468,19875.39468710359,19996.876418218188,20506.697357499284,20465.704258168254,19952.15057756312,19918.913533558076,20439.887993322372,20532.15599443388,20012.76850852591,19853.422922304027,20341.853242141395,20565.527148905654,20102.13078285823,19827.517250480327,20255.374342843814,20595.322024264577,20230.00511288704,19844.191651843983,20168.113132490296,20602.20636155681,20337.69581767271,19873.517140569347,20067.82085511933,20556.78761682363,20415.61399884391,19900.339233915714,19981.27490058838,20507.30085459958,20490.62645323592,19961.918289890087,19916.901876557098,20442.816071846017,20575.898358332917,20067.910262097153,19857.960326428452,20331.482032714135,20610.498858749732,20166.392048167236,19841.956477398453,20251.641601519776,20628.871992691995,20267.980726716607,19851.8359484477,20139.860527498786,20602.966320868294,20360.51694876158,19883.553073829782,20060.958869571554,20563.560195393587,20455.735380141185,19920.925190559054,19966.500397503423,20501.422345807834,20530.88194499993,20006.39826135615,19893.52195185685,20415.569295355,20571.897396075416,20084.40584950517,19858.630878762113,20324.150660532792,20615.103318107525,20198.71267064961,19849.667829235535,20223.590162228367,20627.26266709121,20297.149753230784,19866.923375955033,20140.776949021452,20605.35795752501,20392.54699856603,19885.69884129749,20032.929782024596,20552.004343510194,20468.073543080514,19939.499490201415,19943.433397225548,20475.717839684232,20529.25026765469,20004.54306656636,19871.863111479655,20365.41198079729,20568.052896029105,20099.470925268048,19831.65232320456,20281.704697812165,20598.764192910694,20190.062545545406,19821.035244588285,20188.162647266705,20612.845791917538,20305.554009145977,19842.381160543104,20087.15511407317,20574.110218776492,20397.777306768574,19886.36939363115,19989.634453014667,20538.950924748293,20499.410688806856,19946.89791761612,19910.285760198327,20439.84328983346,20541.02963698264,20034.315590180828,19874.522969069836,20363.154454607306,20591.231655029256,20134.78668150743,19848.55024201277,20272.652241307766,20605.715585436297,20236.39771180126,19852.484149036904,20181.345365207835,20606.475544747776,20327.101090800894,19868.39859108908,20078.25911977996,20572.00915479769,20434.635333375376,19922.199239993006,19992.13784839366,20511.21240987926,20529.809061266074,20002.330243865283,19937.487833200437,20455.869490607918,20586.98482358275,20080.58370120331,19892.918454756553,20375.000879168616,20626.726225224284,20169.297774946426,19854.674619993522,20266.34904937137,20647.446292334356,20288.812552548952,19867.39276258859,20168.247242957026,20631.353036326534,20386.869655474384,19880.446181350493,20049.49242466598,20577.284166489146,20469.19113030328,19935.09619654372,19970.970746394487,20511.63709302391,20548.249250441702,20007.00175845644,19893.767821045854,20419.99494075715,20609.627140715977,20091.245483308492,19858.74263748439,20316.707529629177,20620.110108865512,20192.744754880045,19835.96620988443,20214.33654002387,20632.202402615836,20306.582189390923,19830.087701092685,20093.614768220756,20587.185989282847,20384.6121292844,19873.830064991722,20002.19613339855,20549.83622429803,20489.57592124652,19939.544193690326,19933.308056987295,20490.38058404691,20584.056745059104,20026.939514510574,19884.44714360799,20415.725757566186,20630.078986892582,20131.657437283688,19860.709590996456,20307.990349291606,20646.552222556144,20225.49006050707,19836.703817451456,20192.52123743549,20634.147004383445,20337.181727550236,19869.806750989766,20098.174524089638,20617.02556813068,20440.133862511382,19910.822202065254,20023.117366208717,20574.087867032038,20544.4494538843,19988.449810558537,19937.51018494489,20481.39518277588,20604.240370302246,20063.90929983965,19885.02828896383,20385.863826973895,20641.56778354261,20167.777856323464,19866.945727699487,20290.77950606102,20656.677562794397,20269.29947963947,19858.273250850827,20174.975118038074,20643.490033565766,20373.190387867737,19879.999146461385,20082.46124773756,20617.45025127533,20476.589557717987,19916.410138179082,19981.565473266302,20543.77890155064,20553.74777957771,20002.151429909638,19911.60451312119,20457.501167953156,20627.016797902204,20096.7440124445,19869.31501261175,20367.22247209817,20653.101283681546,20198.064470060406,19863.861186964656,20271.24408140708,20682.717345084828,20312.3936429493,19865.582271287713,20160.93822252014,20647.312181867623,20402.5158765931,19890.482114610924,20056.466168936036,20601.46875398979,20484.792647933085,19942.025237324862,19975.508150518912,20517.20267739328,20562.487311659734,20031.58867735728,19913.571466633257,20430.522612395598,20612.443460517345,20116.637065009723,19865.068181165243,20338.12050081736,20638.505594552233,20209.307397521425,19852.506500781357,20222.76314768352,20630.257800848223,20313.69004412771,19864.397628831583,20120.59332377831,20608.330739537567,20400.19129516975,19892.8961030121,20031.946305268564,20561.16855873687,20500.48357254071,19960.89010964514,19951.27885952936,20481.77516243162,20569.617518140974,20043.14452924067,19899.579274604235,20401.24182715915,20625.40747230142,20143.03447521144,19859.88257645161,20305.86693356835,20643.400626587943,20246.72421773961,19850.36073331365,20198.556208438422,20652.65424879244,20362.79682669602,19877.383992360115,20106.69053872711,20608.375443026478,20433.13776649687,19897.768783303356,19995.825886228788,20551.043218498617,20527.663293798363,19968.66851671559,19934.693865143523,20486.021993878127,20605.670881947386,20065.87625335172,19874.54532081429,20393.03873694405,20654.531795326686,20181.65828963021,19856.59687001668,20295.875703796828,20672.77081880222,20275.40150587577,19854.518157782335,20186.128638521273,20652.43073134789,20376.006707669105,19896.94176875851,20093.704175198578,20608.55425698212,20483.473895010222,19950.965935106986,20000.05036593084,20540.090863715515,20557.949907535305,20021.642151074666,19934.872679099164,20456.182415030293,20609.001291871227,20104.187143348117,19890.862094266664,20361.54512900652,20649.010914446226,20210.961426611117,19866.856320721665,20266.974898216118,20672.480246124298,20303.944683545196,19861.134274141106,20151.014047981986,20627.419129302398,20410.003710985628,19900.249826937896,20055.01330554644,20595.545541709133,20514.92279945884,19955.6598014426,19958.453769499512,20511.994720935192,20590.73991665124,20039.747064083465,19895.287739668816,20425.068786748503,20639.243202119258,20126.22596338105,19865.425809076525,20339.5510124625,20669.730981556295,20246.657162506242,19855.591041516192,20231.43562453218,20666.489978610276,20340.6015444519,19867.370410844138,20131.053940183396,20633.543507283153,20435.730568853687,19904.630768851133,20030.38168315669,20579.720506634774,20534.748796790696,19983.53242677837,19943.03106582535,20491.34170905849,20602.31812027909,20063.43991320609,19899.400460648594,20414.13878370986,20646.820443489607,20151.371675893268,19863.30239335327,20301.173067232736,20665.28298440969,20262.996287703074,19863.481207308916,20204.837048630365,20642.46185332082,20358.549995249512,19879.105076683176,20096.878122911232,20611.683501205862,20457.52351969761,19927.138975517628,20020.658674318634,20567.73997160673,20556.49704414571,20007.6723107901,19940.550022190815,20472.163912315835,20607.436669759354,20091.26783505295,19881.98845171791,20377.861902458895,20656.610507561032,20188.386164711257,19854.585213015704,20265.052648192963,20643.75825449923,20288.566683359943,19853.959364170954,20165.117998733283,20645.904021966937,20390.17771365377,19887.643443065102,20070.614823176245,20599.568855711088,20487.474857267724,19951.10004557372,19986.348746579737,20530.077282199538,20573.64083214293,20026.96186625503,19918.242981224415,20446.48175793669,20623.529925767176,20109.5962655063,19883.106038940674,20369.211777354692,20669.753333300752,20219.34333078186,19860.64253576309,20251.641601519776,20657.28105989469,20324.061253554974,19872.399553346582,20143.45915835609,20635.733978239772,20420.978417513183,19903.8484577952,20054.54391891288,20582.179198524856,20500.52827602962,19970.680173716566,19964.555795735814,20508.95488368927,20595.366727753488,20066.569157429836,19916.32073120126,20424.934676281773,20643.17710914339,20149.04709446992,19876.64638479309,20332.063178069973,20663.830121020095,20243.930249682697,19855.054599649266,20220.863249404818,20657.348115128054,20340.199213051703,19872.488960324405,20129.22109713806,20624.111071123014,20450.70623763874,19920.098176014206,20026.6265900882,20567.963489051283,20533.027712467636,19978.212711598007,19942.47227221397,20502.808153964063,20598.11599232149,20066.59150917429,19895.17598094654,20405.980396983672,20643.13240565448,20150.27644041496,19851.679486236513,20279.06719196644,20649.167376657413,20268.316002883435,19863.97294568693,20203.562999196412,20670.625051334508,20390.825914242974,19892.06908846725,20105.483544526523,20624.759271712217,20478.08712459649,19940.438263468535,20019.608142329234,20559.670991858362,20558.93338429134,20019.630494073688,19937.71135064499,20469.01231634764,20621.071233877094,20110.579742262333,19894.594835590702,20381.527588549565,20651.246088891756,20190.71074613461,19865.5375677988,20279.7377443001,20667.786379788682,20312.505401671577,19870.142027156595,20160.066504486385,20631.442443304353,20413.401176142834,19917.79594633531,20082.573006459836,20607.16844882589,20500.215351607247,19963.61702246869,19992.13784839366,20541.76724454966,20574.132570520946,20033.510927380434,19919.98641729193,20445.408874202833,20634.012893916715,20118.872239455253,19881.072030195242,20359.06408537198,20666.1770541879,20236.509470523535,19879.686222039014,20246.8806799508,20662.28785065268,20323.368349476856,19874.187692903008,20151.03639972644,20650.5755365581,20446.973496314706,19927.943638318022,20054.610974146246,20589.376460239466,20522.05300594008,19972.42360978408,19975.932833663563,20519.57196230554,20601.446402245332,20064.021058561928,19920.45580392549,20434.210650230725,20653.928298226394,20171.13061799176,19882.010803462363,20335.59475369391,20680.973909017313,20276.407334376257,19866.9904311884,20235.213069345125,20671.541472857174,20366.373105808867,19892.158495445074,20118.872239455253,20625.876858934982,20471.51571172663,19937.309019244793,20015.115441693717,20568.54463440712,20549.903279531394,20005.81711600031,19960.778350922865,20500.975310918726,20623.529925767176,20084.808180905366,19895.041870479807,20403.991091727148,20667.160530943936,20190.4648769456,19871.75135275738,20292.72410782863,20659.56093782913,20284.945700758184,19865.626974776624,20198.15387703823,20662.153740185946,20398.358452124412,19882.927224985033,20085.29991928338,20615.37153904099,20491.274653825123,19947.38965599414,20003.984272954975,20563.247270971213,20578.804085112108,20023.609104586736,19940.304153001805,20488.212464834745,20634.906963694928,20116.435899309625,19895.80182979129,20389.41775434229,20683.700821840863,20214.738871424066,19861.044867163288,20276.183816931705,20681.71151658434,20322.4966314431,19872.824236491233,20169.163664479693,20656.208176160835,20413.915266265307,19895.578312346737,20057.896680581176,20595.4114312424,20515.794517492595,19950.988286851443,19977.966842408998,20545.030599240137,20596.70783242081,20029.39820640066,19913.772632333355,20459.3787144874,20643.825309732594,20132.08212042834,19875.931128970522,20353.4537975137,20674.04486823617,20236.442415290167,19851.97005891443,20235.011903645027,20667.56286234413,20345.138948576325,19870.611413790157,20141.78277752194,20645.948725455848,20446.012371303128,19912.85621081069,20034.67321809211,20574.154922265403,20513.939322702805,19957.492644487935,19941.7570163914,20497.980177161717,20597.49014347674,20058.96956431503,19898.88637052612,20433.204821730236,20661.19261517437,20159.597117852823,19880.93791972851,20338.388721750824,20677.352926415555,20267.980726716607,19844.21400358844,20176.048001771927,20639.287905608166,20349.676352700753,19868.420942833538,20099.917960157152,20620.17716409888,20467.537101213587,19922.176888248552,20007.6723107901,20561.79440758162,20554.865366800474,20000.072717675295,19953.357571763703,20515.72746225923,20631.12951888198,20076.672145923632,19877.83102724922,20394.26808288909,20655.112940682524,20181.45712393011,19856.64157350559,20290.64539559429,20682.158551473447,20281.190607689692,19851.8359484477,20192.275368246483,20665.104170454048,20391.071783431984,19882.949576729487,20071.017154576442,20611.057652361116,20484.613833977444,19947.18849029404,19999.916255464108,20554.016000511172,20580.905149090904,20029.19704070056,19925.32848421675,20463.33497325599,20625.09454787905,20110.6467974957,19884.760068030366,20372.85511170091,20678.381106660498,20229.982761142586,19882.41313486256,20281.6376425788,20672.56965310212,20326.251724511592,19871.617242290646,20161.22879519806,20657.728094783797,20431.975475785195,19910.285760198327,20054.163939257138,20598.227751043767,20512.240590124202,19949.446016484024,19963.8628916577,20539.420311381855,20603.63687320195,20057.82962534781,19916.700710857,20436.289362465068,20647.155719656435,20149.56118459239,19881.295547639795,20344.98248636514,20664.99241173177,20242.857365948843,19870.298489367782,20241.09157813687,20667.719324555317,20356.538338248534,19879.93209122802,20132.015065194973,20652.587193559077,20455.780083630096,19923.89797257161,20040.10469199475,20598.004233599215,20543.801253295096,19971.127208605674,19956.44211249854,20507.747889488684,20622.300579822135,20080.44959073658,19905.547190373803,20420.553734368532,20647.2227748898,20159.172434708173,19874.142989414097,20316.12638427334,20682.404420662453,20269.143017428283,19855.725151982922,20207.60866494282,20671.09443796807,20383.382783339355,19885.832951764223,20115.430070809136,20636.426882317886,20491.364060802945,19953.603440952713,20021.44098537457,20565.236576227737,20571.852692586504,20018.423499873104,19949.513071717392,20494.225084093225,20633.27528634969,20112.054957396384,19899.22164669295,20407.99205398465,20685.444257908377,20208.01099634302,19870.097323667684,20297.574436375435,20690.62986262201,20311.11959351535,19868.286832366804,20190.37546996778,20674.067219980625,20404.304016149523,19889.386879132617,20075.84513137879,20619.32779780958,20505.423308065332,19954.698676431024,19998.552799052337,20559.06749475807,20592.17042829638,20029.845241289764,19918.6006091357,20458.305830753547,20631.733015982274,20111.83143995183,19858.385009573103,20354.146701591817,20670.110961212034,20216.459955747123,19862.184806130506,20271.71346804064,20672.927281013406,20324.17301227725,19881.31789938425,20156.22200444007,20646.552222556144,20429.025045517094,19914.979626533943,20069.608994675757,20620.89241992145,20549.59035510902,19984.515903534404,19975.61990924119,20541.34256140501,20606.49789649223,20056.644982891678,19902.08266998323,20445.297115480556,20655.47056859381,20145.89549850172,19877.83102724922,20351.06216085698,20695.94957780237,20265.29851738197,19878.859207494166,20251.373380586312,20679.677507838907,20351.665657957277,19869.784399245313,20127.41060583718,20637.94680094085,20453.276688251102,19911.671568354555,20030.359331412237,20589.93525385085,20547.623401596953,19995.982348439975,19960.241909055938,20516.755642504173,20618.098451864535,20076.426276734626,19902.50735312788,20420.911362279818,20655.2246994048,20168.582519123855,19869.82910273422,20314.360596461367,20676.771781059717,20281.34706990088,19871.952518457478,20211.14024056676,20674.827179292104,20389.663623531298,19912.18565847703,20131.970361706062,20641.545431798153,20486.044345622584,19942.964010591986,20021.73155805249,20575.92071007737,20574.87017808797,20010.935665480574,19947.277897271862,20496.974348661228,20640.51725155321,20108.9480649171,19912.65504511059,20406.94152199525,20694.317900457132,20220.215048815615,19874.41121034756,20299.228465465127,20701.604569149564,20334.16424204877,19889.7445070439,20208.43567948767,20676.05652523715,20426.164022226814,19928.27891448485,20101.12495435774,20629.520193281198,20522.790613507106,19969.09319986024,20008.81224975732,20569.014021040683,20587.051878816113,20047.8830990652,19939.61124892369,20485.507903755653,20659.627993062495,20137.357132119792,19897.83583853672,20368.541225021032,20685.220740463825,20250.255793363547,19884.044812207798,20271.087619195892,20689.936958543894,20354.481977758645,19901.903856027588,20178.104362261816,20681.085667739593,20460.026915076603,19941.62290592467,20071.620651676734,20611.527038994675,20537.833337525528,19998.865723474708,20001.19030489806,20549.277430686645,20617.629065230976,20077.49916046848,19926.110795272685,20450.795644616563,20661.729057041295,20172.98581278155,19889.208065176972,20349.497538745112,20684.773705574717,20281.123552456327,19904.094326984206,20258.078903922906,20698.542380159186,20398.067879446495,19916.097213756708,20164.246280699528,20674.938938014384,20491.073488125025,19951.48002522946,20055.527395668913,20621.65237923293,20579.608747912498,20009.61691255771,19980.067906387798,20536.20166018029,20653.347152870556,20117.486431299025,19937.37607447816,20441.251449734147,20686.96417653134,20217.644598203256,19898.21581819246,20333.35957924838,20711.75226113227,20318.629779652332,19914.42083292256,20236.420063545713,20684.259615452243,20411.23305693067,19922.422757437558,20131.277457627948,20657.57163257261,20507.85964821096,19974.211749340506,20041.401093173157,20592.237483529745,20599.434745244354,20043.882136807697,19967.10389460372,20516.86740122645,20669.082780967092,20149.695295059122,19935.140900032628,20429.38267342838,20707.170153518935,20253.04976142046,19908.542324130813,20317.422785451745,20709.852362853573,20352.962059135683,19907.670606097057,20206.602836442333,20698.698842370373,20461.85975812194,19944.88626061514,20109.193934106104,20645.926373711394,20539.755587548683,19992.67429026059,20012.5226393369,20564.186044238337,20612.376405283976,20064.49044519549,19949.356609506205,20486.223159578225,20664.210100675835,20168.537815634947,19924.36735920517,20384.79094324004,20701.96219706085,20274.82036051993,19904.474306639946,20288.745497315587,20705.225551751322,20370.88815818884,19924.859097583187,20196.321033992892,20687.76883933173,20491.87815092542,19980.85021744373,20109.708024228577,20652.296620881156,20585.129628792958,20026.827755788298,20000.475049075492,20532.759491534172,20618.433728031367,20090.01613736345,19941.488795457935,20451.488548694677,20670.178016445403,20194.644653158743,19922.109833015184,20363.64619298532,20715.73087164532,20307.20803823567,19904.02727175084,20258.302421367458,20706.745470374284,20419.74907156814,19933.03983605383,20161.8099405539,20680.37041191702,20522.902372229382,19983.599482011734,20070.05602956486,20615.885629163462,20587.364803238488,20035.947267526062,19989.209769870016,20541.02963698264,20654.554147071143,20112.904323685685,19924.345007460717,20432.020179274106,20695.055508024157,20216.66112144722,19897.20998969197,20328.93393384623,20698.788249348196,20314.360596461367,19901.166248460562,20222.316112794415,20699.414098192945,20442.301981723547,19940.438263468535,20128.88582097123,20654.263574393222,20530.166689177357,19990.461467559515,20045.24559321947,20603.860390646507,20614.61157972951,20058.79075035939,19976.849255186233,20514.788688992106,20670.91562401243,20158.390123652236,19937.778405878355,20419.23498144567,20709.71825238684,20266.39375286028,19915.89604805661,20324.083605299427,20723.48692697131,20364.093227874426,19924.18854524953,20210.24617078855,20689.467571910332,20461.25626102165,19953.58108920826,20123.767271490964,20643.691199265864,20559.670991858362,20007.784069512378,20040.574078628313,20582.290957247133,20626.03332114617,20091.379593775226,19979.24089184295,20498.38250856191,20699.48115342631,20194.175266525184,19942.04758906932,20409.824897029986,20732.651142197985,20288.901959526775,19925.149670261108,20298.15558173127,20719.91064785846,20393.195199155238,19933.777443620857,20201.4172317287,20706.1866767629,20509.625436022932,19979.553816265325,20091.625462964235,20635.152832883934,20591.36576549599,20046.810215331345,20010.68979629157,20560.87798605895,20660.119731440514,20124.706044758088,19969.629641727166,20484.211502577247,20703.32565347262,20220.34915928235,19922.735681859933,20363.26621332958,20715.90968560096,20321.155526775783,19918.667664369066,20265.857310993353,20718.793060635693,20427.549830383043,19940.080635557253,20171.264728458493,20680.795095061672,20515.213372136757,19985.164104123607,20076.69449766809,20612.17523958388,20609.738899438253,20057.315535225338,19984.7170692345,20528.91499148786,20676.99529850427,20145.69433280162,19940.102987301707,20449.70040913825,20713.696862899884,20235.011903645027,19920.344045203216,20341.6520764413,20723.889258371506,20349.4528352562,19925.32848421675,20249.09350265187,20713.696862899884,20461.01039183264,19958.342010777236,20153.584498594344,20691.881560311504,20560.945041292318,20011.829735258787,20057.40494220316,20615.148021596437,20636.583344529074,20083.556483215867,19987.265168102404,20522.388282106913,20696.95540630286
-25340.9326482931,-25405.864465935763,-25321.44192712807,-25226.067033537274,-25301.19124665156,-25403.15990485667,-25354.58956415529,-25253.89495538413,-25300.028955939884,-25412.704099739087,-25361.45154970307,-25264.04264736684,-25292.719935503,-25404.813933946363,-25409.708965982078,-25300.163066406618,-25266.94837414603,-25386.798427915386,-25416.436841063125,-25289.836560468266,-25238.628713921156,-25345.06772101733,-25404.098678123795,-25295.513903559913,-25216.589893888224,-25294.44101982606,-25415.095736395808,-25336.059968001842,-25227.6540073936,-25295.49155181546,-25410.513628782468,-25354.50015717747,-25253.9620106175,-25284.606252265723,-25422.918846955163,-25409.93248342663,-25289.009545923418,-25302.06296468532,-25416.88387595223,-25415.721585240553,-25300.096011173253,-25277.05136263983,-25388.273643049437,-25427.83623073533,-25317.887999759674,-25247.94939135902,-25336.57405812431,-25396.40967803117,-25297.011470438418,-25216.813411332776,-25295.156275648627,-25382.88687263571,-25321.307816661338,-25231.543210928823,-25298.933720461577,-25404.478657779535,-25364.625497415724,-25277.967784162498,-25303.739345519465,-25424.058785922385,-25403.629291490233,-25267.685981713057,-25267.08248461276,-25378.237709789006,-25396.812009431364,-25288.182531378574,-25254.118472828686,-25360.110445035752,-25406.557370013878,-25299.067830928307,-25238.405196476604,-25349.15809025265,-25424.70698651159,-25328.34861616476,-25244.23900177944,-25328.125098720207,-25417.845000963807,-25351.97441005402,-25248.95521985951,-25306.6227205542,-25412.614692761268,-25359.864575846743,-25244.03783607934,-25275.643202739146,-25392.25225356248,-25377.92478536663,-25258.67822869757,-25251.838594894245,-25381.009326101463,-25400.097715866294,-25279.532406274368,-25241.825013378268,-25362.390322970194,-25409.26193109297,-25306.510961831926,-25250.22926929346,-25352.175575754118,-25434.6535127942,-25362.613840414746,-25270.99403989244,-25332.953075522553,-25435.324065127857,-25374.79554114289,-25268.9153276581,-25305.013394953417,-25404.23278859053,-25365.854843360765,-25262.701542699524,-25274.52561551638,-25382.506892979967,-25389.950023883586,-25275.374981805682,-25268.736513702457,-25388.653622705177,-25417.17444863015,-25300.654804784634,-25258.90174614212,-25371.040448074396,-25429.6020185473,-25338.697473847566,-25277.967784162498,-25367.665334661644,-25462.302620685416,-25385.032640103418,-25291.043554668853,-25353.740197865987,-25443.974190232064,-25380.78580865691,-25266.30017355683,-25299.20194139504,-25400.83532343332,-25377.388343499704,-25255.548984473826,-25269.71999045849,-25381.83634064631,-25401.483524022526,-25300.475990828993,-25274.391505049647,-25381.16578831265,-25428.752652257997,-25316.904523003643,-25259.594650220235,-25358.523471179426,-25412.525285783446,-25316.077508458795,-25249.290496026337,-25343.30193320536,-25425.444594078614,-25348.9345728081,-25249.446958237524,-25305.326319375792,-25415.02868116244,-25363.12793053722,-25256.107778085207,-25287.936662189564,-25406.199742102595,-25395.627366975234,-25275.374981805682,-25270.792874192342,-25385.25615754797,-25392.229901818027,-25280.270013841393,-25243.322580256772,-25343.816023327832,-25406.132686869227,-25298.509037316926,-25233.97955107445,-25343.436043672093,-25418.202628875093,-25336.909334291144,-25260.5110717429,-25335.12119473472,-25417.397966074703,-25360.043389802384,-25257.22536530797,-25300.788915251367,-25415.36395732927,-25385.032640103418,-25266.456635768016,-25281.968746419996,-25396.767305942456,-25391.06761110635,-25268.33418230226,-25267.10483635722,-25386.463151748558,-25409.217227604062,-25292.42936282508,-25247.39059774764,-25369.542881195892,-25430.27257088096,-25334.74121507898,-25274.927946916574,-25381.635174946212,-25456.42411189367,-25366.681857905613,-25280.314717330304,-25348.9345728081,-25428.752652257997,-25376.40486674367,-25265.71902820099,-25309.707261289033,-25425.913980712176,-25390.151189583685,-25263.886185155654,-25274.43620853856,-25385.814951159355,-25388.854788405275,-25264.981420633965,-25246.27301052487,-25359.328133979816,-25391.760515184465,-25277.00665915092,-25233.13018478515,-25360.713942136044,-25431.099585425807,-25329.645017343166,-25263.305039799816,-25360.915107836143,-25450.120919957273,-25375.22022428754,-25276.872548684187,-25340.48561340399,-25447.12578620026,-25393.70511695208,-25266.6130979792,-25300.610101295722,-25401.7964484449,-25380.718753423545,-25262.209804321505,-25271.888109670654,-25392.40871577367,-25402.444649034103,-25268.892975913644,-25245.84832738022,-25355.371875211225,-25395.98499488652,-25296.29621461585,-25245.53540295785,-25332.77426156691,-25396.633195475722,-25303.761697263923,-25221.41787069057,-25304.38754610867,-25400.902378666688,-25329.689720832077,-25229.397443461115,-25295.6703657711,-25403.83045719033,-25353.337866465794,-25235.700635397512,-25280.515883030403,-25399.561273999367,-25386.194930815094,-25267.32835380177,-25263.39444677764,-25371.50983470796,-25395.470904764046,-25275.33027831677,-25228.83864984973,-25346.45352917356,-25392.40871577367,-25277.14076961765,-25214.824106076256,-25312.992967723963,-25386.17257907064,-25302.375889107694,-25210.018481018364,-25295.29038611536,-25395.850884419786,-25332.751909822455,-25231.453803951004,-25289.121304645694,-25407.27262583645,-25376.62838418822,-25257.404179263616,-25269.921156158587,-25386.574910470834,-25399.538922254913,-25269.80939743631,-25243.94842910152,-25359.194023513082,-25384.227977303028,-25274.816188194298,-25226.98345505994,-25330.986122010487,-25397.080230364827,-25281.946394675542,-25202.195370459005,-25304.00756645293,-25403.852808934786,-25308.164990921618,-25211.314882196773,-25284.561548776812,-25382.953927869075,-25319.072642215808,-25219.160344500586,-25267.462464268505,-25378.662392933657,-25342.67608436061,-25226.782289359846,-25239.053397065807,-25358.948154324076,-25359.194023513082,-25243.769615145877,-25221.08259452374,-25336.216430213026,-25370.392247485193,-25249.066978581784,-25195.646309333602,-25308.500267088446,-25375.488445221003,-25283.935699932063,-25206.978643772443,-25298.509037316926,-25398.4436867766,-25318.133868948684,-25219.56267590078,-25283.6674789986,-25386.06082034836,-25337.736348835988,-25231.27498999536,-25267.775388690876,-25384.518549980945,-25368.20177652857,-25247.547059958826,-25243.255525023407,-25361.228032258517,-25382.752762168977,-25262.723894443978,-25232.32552198476,-25353.919011821632,-25393.280433807427,-25262.276859554873,-25196.518027367358,-25309.595502566757,-25382.909224380164,-25291.71410700251,-25203.13414372613,-25286.90848194462,-25393.392192529704,-25332.39428191117,-25224.636521892135,-25287.6684412561,-25393.68276520762,-25335.12119473472,-25220.41204219008,-25239.23221102145,-25367.553575939368,-25360.26690724694,-25235.164193530585,-25225.08355678124,-25344.01718902793,-25366.458340461057,-25238.449899965515,-25201.435411147526,-25325.331130663293,-25366.97243058353,-25250.564545460293,-25195.914530267066,-25294.038688425862,-25368.02296257293,-25286.126170888685,-25202.642405348113,-25285.455618555025,-25390.575872728336,-25325.26407542993,-25221.619036390668,-25273.85506318272,-25385.68084069262,-25343.503098905458,-25229.173926016563,-25255.504280984915,-25371.44277947459,-25364.98312532701,-25244.775443646366,-25227.497545182414,-25351.437968187092,-25374.952003354076,-25248.888164626143,-25205.548132127304,-25312.568284579313,-25366.92772709462,-25262.165100832597,-25190.103076708685,-25288.38369707867,-25375.35433475427,-25286.796723222345,-25198.574387857247,-25274.369153305193,-25375.309631265358,-25325.286427174382,-25212.633635119633,-25256.644219952133,-25372.895642864187,-25345.11242450624,-25225.19531550352,-25226.201144004008,-25351.34856120927,-25364.40197997117,-25247.61411519219,-25231.409100462093,-25351.527375164915,-25389.435933761113,-25279.465351041003,-25223.98832130293,-25332.10370923325,-25393.950986141084,-25279.57710976328,-25201.860094292177,-25295.648014026647,-25384.965584870053,-25297.52556056089,-25180.290660892806,-25249.782234404356,-25366.92772709462,-25317.351557892747,-25192.584120343225,-25235.834745864242,-25358.322305479327,-25332.68485458909,-25218.646254378113,-25213.013614775376,-25335.903505790655,-25336.618761613223,-25217.282797966338,-25189.454876119482,-25304.991043208964,-25353.963715310543,-25238.785176132344,-25179.776570770333,-25284.874473199186,-25357.808215356854,-25272.916289915596,-25192.405306387584,-25275.732609716968,-25373.566195197847,-25303.761697263923,-25199.17788495754,-25249.17873730406,-25354.723674622022,-25324.77233705191,-25213.348890942205,-25239.299266254817,-25376.516625465945,-25363.284392748403,-25239.455728466004,-25243.210821534496,-25366.368933483238,-25393.88393090772,-25276.850196939733,-25233.465460951982,-25346.230011729007,-25397.527265253935,-25283.08633364276,-25205.70459433849,-25287.556682533825,-25374.236747531504,-25282.371077820193,-25178.480169591927,-25252.53149897236,-25367.710038150555,-25306.063926942817,-25193.902873266088,-25248.508184970404,-25367.195948028082,-25342.430215171604,-25222.691920124522,-25239.23221102145,-25370.034619573908,-25374.34850625378,-25252.978533861464,-25240.79683313332,-25362.725599137022,-25390.39705877269,-25271.731647459466,-25223.585989902735,-25338.049273258363,-25398.957776899075,-25300.364232106716,-25224.770632358868,-25311.785973523376,-25397.773134442945,-25311.987139223475,-25215.31584445427,-25282.77340922039,-25379.444703989593,-25313.440002613068,-25199.93784426902,-25232.12435628466,-25350.49919491997,-25334.271828445417,-25220.83672533473,-25224.815335847776,-25344.911258806143,-25357.204718256562,-25238.539306943334,-25214.198257231506,-25338.339845936283,-25375.890776621196,-25261.114568843197,-25217.662777622078,-25328.14745046466,-25402.35524205628,-25308.544970577357,-25230.71619638398,-25317.642130570668,-25406.490314780513,-25334.16006972314,-25225.7541091149,-25287.91431044511,-25402.958739156573,-25356.467110689537,-25238.606362176703,-25260.935754887552,-25373.767360897942,-25368.335886995304,-25238.293437754328,-25224.725928869957,-25354.388398455194,-25366.078360805317,-25251.972705360975,-25217.37220494416,-25325.554648107845,-25378.438875489104,-25272.826882937778,-25206.66571935007,-25299.96190070652,-25390.955852384075,-25312.881209001687,-25214.689995609522,-25288.7189732455,-25384.20562555857,-25315.608121825233,-25213.862981064678,-25271.79870269283,-25388.251291304983,-25350.052160030864,-25232.414928962582,-25254.274935039874,-25373.11916030874,-25370.101674807273,-25242.98730408994,-25223.69774862501,-25336.082319746296,-25361.317439236336,-25236.058263308798,-25205.45872514948,-25316.368081136716,-25358.903450835165,-25265.271993311882,-25192.673527321047,-25275.553795761323,-25369.095846306784,-25302.979386207986,-25206.553960627793,-25285.030935410374,-25399.762439699465,-25341.11146224874,-25220.769670101367,-25262.030990365864,-25381.92574762413,-25355.170709511127,-25229.46449869448,-25236.594705175725,-25366.59245092779,-25366.190119527593,-25239.209859276994,-25223.18365850254,-25340.753834337454,-25379.668221434145,-25263.75207468892,-25214.019443275865,-25325.331130663293,-25391.31348029536,-25293.658708770123,-25207.380975172637,-25310.04253745586,-25398.756611198976,-25312.858857257233,-25211.694861852513,-25280.180606863574,-25404.702175224087,-25352.689665876587,-25239.455728466004,-25269.652935225124,-25386.038468603907,-25365.676029405124,-25231.09617603972,-25223.07189978026,-25334.87532554571,-25349.091035019286,-25221.350815457205,-25193.768762799355,-25307.785011265878,-25350.834471086797,-25228.436318449538,-25173.02634394483,-25280.80645570832,-25357.987029312495,-25268.177720091073,-25183.03992546081,-25270.278784069873,-25367.39711372818,-25304.9239879756,-25200.720155324958,-25261.58395547676,-25376.06959057684,-25332.39428191117,-25214.935864798532,-25240.774481388868,-25354.790729855387,-25343.838375072286,-25210.823143818754,-25206.397498416605,-25330.472031888014,-25358.948154324076,-25241.221516277972,-25209.213818217973,-25320.994892238963,-25369.16290154015,-25260.444016509537,-25198.127352968142,-25307.092107187764,-25379.93644236761,-25287.176702878085,-25195.37808840014,-25269.34001080275,-25379.10942782276,-25301.5712263073,-25195.445143633504,-25261.7627694324,-25378.528282466923,-25347.01232278494,-25224.18948700303,-25231.252638250906,-25362.792654370387,-25355.148357766673,-25243.501394212413,-25235.56652493078,-25364.178462526615,-25394.330965796828,-25274.72678121648,-25226.536420170836,-25345.715921606534,-25400.723564711043,-25288.540159289856,-25213.728870597944,-25299.984252450973,-25382.909224380164,-25293.658708770123,-25197.479152378935,-25263.215632821993,-25370.235785274006,-25321.263113172427,-25209.57144612926,-25258.320600786283,-25373.074456819828,-25350.432139686603,-25226.93875157103,-25242.204993034007,-25366.59245092779,-25366.16776778314,-25241.04270232233,-25215.382899687636,-25334.450642401058,-25367.84414861729,-25255.61603970719,-25194.75223955539,-25303.11349667472,-25363.329096237314,-25257.22536530797,-25178.614280058657,-25266.94837414603,-25358.411712457146,-25278.638336496155,-25179.26248064786,-25243.8590221237,-25363.35144798177,-25320.01141548293,-25200.74250706941,-25221.507277668392,-25339.658598859143,-25334.830622056797,-25213.527704897846,-25222.960141057985,-25356.891793834187,-25378.438875489104,-25241.579144189258,-25201.27894893634,-25326.225200441506,-25384.02681160293,-25271.709295715013,-25202.57535011475,-25306.734479276478,-25387.759552926967,-25283.868644698698,-25198.574387857247,-25285.43326681057,-25382.88687263571,-25300.408935595624,-25194.93105351103,-25251.391560005137,-25372.046276574885,-25328.81800279832,-25192.8970447656,-25223.18365850254,-25348.040503029886,-25339.144508736674,-25208.6997280955,-25202.08361173673,-25323.118307962217,-25338.608066869747,-25215.539361898824,-25178.435466103016,-25291.53529304687,-25353.06964553233,-25243.881373868153,-25174.389800356603,-25285.902653444133,-25370.30284050737,-25274.033877138365,-25184.47043710595,-25266.769560190387,-25365.29604974938,-25291.20001688004,-25175.440332346003,-25231.923190584566,-25351.795596098378,-25318.87147651571,-25187.219701673952,-25208.677376351046,-25338.764529080934,-25337.378720924702,-25201.435411147526,-25191.93591975402,-25322.33599690628,-25349.091035019286,-25231.297341739817,-25192.338251154215,-25306.466258343014,-25368.380590484216,-25258.946449631032,-25186.83972201821,-25289.188359879063,-25386.73137268202,-25299.20194139504,-25199.334347168726,-25273.7656562049,-25371.91216610815,-25298.441982083557,-25186.32563189574,-25229.46449869448,-25345.134776250696,-25330.02499699891,-25209.862018807176,-25209.057356006786,-25334.67415984561,-25339.502136647956,-25206.777478072345,-25173.920413723044,-25291.91527270261,-25338.02692151391,-25221.976664301954,-25161.60460252817,-25259.90757464261,-25327.745119064468,-25234.918324341575,-25158.944744937988,-25267.685981713057,-25364.133759037708,-25277.677211484577,-25170.344134610194,-25243.926077357064,-25350.16391875314,-25303.269958885903,-25189.633690075123,-25225.932923070544,-25349.96275305304,-25327.566305108823,-25187.465570862958,-25193.88052152163,-25329.53325862089,-25338.02692151391,-25214.04179502032,-25176.08853293521,-25294.06104017032,-25347.481709418502,-25240.61801917768,-25185.811541773266,-25284.047458654342,-25360.468072947035,-25276.13494111716,-25188.22553017444,-25260.15344383162,-25356.958849067552,-25277.900728929133,-25157.06719840374,-25213.572408386757,-25329.332092920795,-25289.031897667875,-25179.106018436672,-25212.968911286465,-25342.452566916058,-25332.170764466617,-25213.684167109033,-25203.55882687078,-25330.15910746564,-25365.72073289403,-25241.400330233617,-25192.45000987649,-25315.786935780878,-25376.091942321294,-25270.926984659076,-25194.7969430443,-25301.14654316265,-25378.416523744647,-25292.742287247456,-25199.870789035653,-25260.04168510934,-25362.993820070486,-25300.096011173253,-25184.962175483965,-25229.91153358359,-25347.235840229492,-25309.349633377748,-25194.260501177374,-25210.666681607567,-25314.669348558113,-25315.116383447217,-25196.294509922805,-25173.965117211952,-25303.694642030558,-25335.836450557286,-25216.589893888224,-25168.511291564857,-25280.404124308126,-25349.381607697203,-25234.85126910821,-25170.210024143464,-25261.94158338804,-25364.98312532701,-25282.818112709298,-25180.78239927082,-25251.592725705235,-25346.900564062664,-25290.551816290834,-25181.60941381567,-25219.517972411868,-25341.603200626756,-25318.133868948684,-25192.248844176396,-25202.75416407039,-25327.611008597734,-25345.335941950794,-25218.310978211284,-25192.02532673184,-25312.255360156938,-25355.193061255584,-25239.411024977093,-25175.6414980461,-25276.00083065043,-25355.528337422413,-25258.29824904183,-25166.052599674775,-25250.989228604943,-25352.175575754118,-25274.212691094006,-25166.41022758606,-25230.023292305865,-25353.62843914371,-25301.99590945195,-25180.648288804092,-25209.102059495697,-25341.044407015375,-25325.845220785766,-25191.444181376002,-25188.60550983018,-25325.286427174382,-25340.999703526464,-25208.65502460659,-25170.634707288114,-25295.24568262645,-25344.59833438377,-25232.459632451493,-25168.712457264955,-25277.453694040025,-25358.478767690514,-25268.781217191365,-25176.22264340194,-25260.75694093191,-25360.57983166931,-25290.663575013114,-25179.08366669222,-25230.26916149487,-25346.49823266247,-25298.062002427818,-25179.575405070234,-25205.190504216018,-25320.10082246075,-25311.987139223475,-25193.56759709926,-25182.279966149326,-25298.084354172275,-25325.68875857458,-25204.251730948894,-25164.465625818448,-25274.14563586064,-25339.43508141459,-25238.069920309776,-25159.056503660264,-25263.886185155654,-25352.287334476394,-25268.736513702457,-25159.88351820511,-25227.05051029331,-25342.407863427146,-25278.280708584873,-25157.223660614927,-25208.610321117678,-25326.471069630512,-25292.20584538053,-25167.97484969793,-25179.821274259244,-25300.498342573446,-25293.546950047847,-25173.60748930067,-25165.449102574483,-25288.897787201142,-25322.045424228363,-25191.17596044254,-25138.381140039106,-25257.67240019708,-25329.510906876436,-25225.262370736884,-25153.84854720218,-25248.57524020377,-25340.195040726074,-25272.491606770946,-25167.751332253378,-25238.27108600987,-25343.16782273863,-25297.190284394062,-25186.83972201821,-25226.55877191529,-25347.01232278494,-25317.19509568156,-25193.56759709926,-25188.583158085723,-25309.662557800122,-25315.00462472494,-25195.646309333602,-25178.70368703648,-25289.836560468266,-25325.62170334121,-25208.006824017386,-25154.69791349148,-25277.38663880666,-25356.735331623,-25243.791966890334,-25160.17409088303,-25263.81912992229,-25360.87040434723,-25280.560586519314,-25184.157512683574,-25241.13210930015,-25357.472939190025,-25316.301025903347,-25178.569576569746,-25198.552036112793,-25319.027938726897,-25311.026014211897,-25176.356753868673,-25175.753256768377,-25303.00173795244,-25321.59838933926,-25197.009765745373,-25159.861166460654,-25278.794798707342,-25338.295142447372,-25223.742452113922,-25148.30531457726,-25259.818167664787,-25333.15424122265,-25243.635504679147,-25164.622088029635,-25258.6111734642,-25367.330058494816,-25297.190284394062,-25181.18473067102,-25227.721062626966,-25346.341770451283,-25315.58577008078,-25192.964099998964,-25207.537437383824,-25329.44385164307,-25314.691700302566,-25182.101152193685,-25167.483111319914,-25298.35257510574,-25332.506040633445,-25211.89602755261,-25158.654172260067,-25277.833673695764,-25326.381662652693,-25218.51214391138,-25159.45883506046,-25269.362362547203,-25364.804311371365,-25280.29236558585,-25184.425733617038,-25259.505243242413,-25356.645924645178,-25303.560531563824,-25193.344079654704,-25244.52957445736,-25349.135738508194,-25313.5741130798,-25190.773629042345,-25197.970890756955,-25319.63143582719,-25328.035691742385,-25197.7473733124,-25181.676469049034,-25311.383642123183,-25340.172688981616,-25217.349853199703,-25170.813521243756,-25298.754906505932,-25364.960773582552,-25246.675341925067,-25171.32761136623,-25273.631545738168,-25377.92478536663,-25297.413801838615,-25198.574387857247,-25261.539251987848,-25357.137663023193,-25311.383642123183,-25190.08072496423,-25214.08649850923,-25339.345674436772,-25313.14942993515,-25195.154570955583,-25197.322690167748,-25309.43904035557,-25321.19605793906,-25197.121524467653,-25177.49669283589,-25308.656729299633,-25350.007456541953,-25241.98147558945,-25186.213873173463,-25289.52363604589,-25363.664372404146,-25267.32835380177,-25182.056448704774,-25269.295307313838,-25361.429197958612,-25285.20974936602,-25180.245957403895,-25235.99120807543,-25338.697473847566,-25295.826827982288,-25174.41215210106,-25196.115695967164,-25317.038633470373,-25311.00366246744,-25183.956346983476,-25172.802826500276,-25303.20290365254,-25328.95211326505,-25210.577274629748,-25164.35386709617,-25294.284557614872,-25347.593468140778,-25228.726891127455,-25167.661925275555,-25273.139807360152,-25358.411712457146,-25261.51690024339,-25168.22071888694,-25244.216650034985,-25338.80923256984,-25272.20103409303,-25172.579309055724,-25217.79688808881,-25329.466203387525,-25298.978423950484,-25184.492788850403,-25205.525780382846,-25325.353482407747,-25313.95409273554,-25190.348945897695,-25168.8912712206,-25287.06494415581,-25307.494438587957,-25195.780419800332,-25150.004047155864,-25261.673362454578,-25334.830622056797,-25247.77057740338,-25178.390762614104,-25267.060132868308,-25360.44572120258,-25279.174778363085,-25179.441294603505,-25245.445995980026,-25338.473956403013,-25276.33610681726,-25171.55112881078,-25212.924207797554,-25324.81704054082,-25293.949281448044,-25165.806730485765,-25176.356753868673,-25305.05809844233,-25321.978368994998,-25197.65796633458,-25167.12548340863,-25295.156275648627,-25343.436043672093,-25225.105908525697,-25168.153663653575,-25274.033877138365,-25330.24851444346,-25226.290550981827,-25148.30531457726,-25237.779347631855,-25332.282523188893,-25254.297286784327,-25152.26157334585,-25222.736623613433,-25337.512831391436,-25291.468237813504,-25181.60941381567,-25223.116603269173,-25342.989008782984,-25304.43224959758,-25186.482094106927,-25189.499579608393,-25312.90356074614,-25329.7791278099,-25200.966024513964,-25168.310125864762,-25286.43909531106,-25324.571171351814,-25203.715289081967,-25140.102224362163,-25255.169004818083,-25329.309741176337,-25218.489792166925,-25130.44627075747,-25224.256542236395,-25327.29808417536,-25260.15344383162,-25158.475358304426,-25222.356643957693,-25332.77426156691,-25295.62566228219,-25181.877634749133,-25212.79009733082,-25328.259209186937,-25315.719880547513,-25195.489847122415,-25184.381030128126,-25298.53138906138,-25318.178572437595,-25196.540379111815,-25166.5890415417,-25273.89976667163,-25327.186325453084,-25211.292530452316,-25148.908811677553,-25252.017408849886,-25317.150392192652,-25231.409100462093,-25146.02543664282,-25224.167135258573,-25331.544915621867,-25269.854100925222,-25171.93110846652,-25229.933885328042,-25352.376741454216,-25307.606197310233,-25191.354774398184,-25212.387765930627,-25336.01526451293,-25333.82479355631,-25207.000995516897,-25197.903835523586,-25326.359310908236,-25358.29995373487,-25238.18167903205,-25187.778495285333,-25300.00660419543,-25356.847090345276,-25252.28562978335,-25168.01955318684,-25255.414874007092,-25337.132851735696,-25257.493586241435,-25164.063294418254,-25236.95233308701,-25335.92585753511,-25282.818112709298,-25170.768817754844,-25213.483001408935,-25330.6284940992,-25309.997833966954,-25193.99228024391,-25201.591873358713,-25341.15616573765,-25345.246534972972,-25220.65791137909,-25202.50829488138,-25324.906447518642,-25361.675067147622,-25252.151519316616,-25195.646309333602,-25286.170874377596,-25355.64009614469,-25259.32642928677,-25167.97484969793,-25244.66368492409,-25341.82671807131,-25261.09221709874,-25156.284887347807,-25218.825068333754,-25327.789822553375,-25279.57710976328,-25157.402474570572,-25192.204140687485,-25318.022110226408,-25307.76265952142,-25185.588024328714,-25187.778495285333,-25306.19803740955,-25329.220334198515,-25204.36348967117,-25172.445198588994,-25301.705336774034,-25349.091035019286,-25227.162269015585,-25165.69497176349,-25270.85992942571,-25348.532241407902,-25251.123339071673,-25161.135215894607,-25231.18558301754,-25326.29225567487
-16513.93819021442,-16606.988502381864,-16850.33194426679,-16786.22714116897,-16536.848728281107,-16557.769961091275,-16819.397129940644,-16830.70711263503,-16576.99246132284,-16525.918725242464,-16759.159178633592,-16842.262964518424,-16604.909790147518,-16491.050003892185,-16716.042663579305,-16847.314458765326,-16631.73188349389,-16473.21331181685,-16663.40430538706,-16835.982124326485,-16673.77551481432,-16463.199730300872,-16602.585208724166,-16815.262057216412,-16702.02811980583,-16454.10257030756,-16558.57462389167,-16814.680911860574,-16760.12030364517,-16504.21518137636,-16520.710768784378,-16778.292271887334,-16802.61096985471,-16542.213146950384,-16489.753602713776,-16753.03480065284,-16840.38541798418,-16607.61435122661,-16482.891617166,-16698.138916270604,-16848.789673899373,-16646.796959256764,-16470.709916437856,-16645.43350284499,-16842.464130218523,-16686.672471365033,-16458.930547109907,-16579.317042746192,-16803.393280910645,-16718.099024069194,-16467.24539604728,-16519.794347261708,-16779.27574864337,-16760.36617283418,-16511.79242274671,-16505.779803488233,-16769.977422949964,-16832.070569046806,-16590.60467369612,-16517.805042005188,-16758.220405366472,-16858.222110059512,-16634.01176142833,-16495.743870227798,-16710.320616998746,-16880.283281836902,-16698.407137204067,-16506.78563198872,-16664.34307865418,-16864.838226418284,-16732.6500097096,-16505.444527321404,-16600.886476145562,-16824.94036256556,-16748.07271338376,-16507.79146048921,-16533.585373590635,-16783.74609753443,-16771.609100295198,-16519.302608883692,-16480.25411132027,-16721.027102592838,-16778.918120732083,-16541.117911472073,-16449.855738861053,-16680.81631431774,-16810.255266458425,-16599.165391822506,-16459.087009321094,-16656.117636694627,-16834.283391747882,-16669.796904301274,-16475.9402246404,-16619.01374089882,-16845.436912231078,-16740.048437124307,-16507.255018622283,-16584.56970269319,-16839.08901680577,-16791.569208093788,-16527.68451305443,-16540.961449260885,-16800.621664598188,-16821.67700787509,-16556.115932001583,-16497.73317548432,-16743.669419726066,-16836.987952826974,-16597.936045877464,-16479.471800264335,-16717.473175224444,-16875.656470734655,-16685.934863798007,-16523.37062637456,-16715.103890312184,-16907.932389728117,-16760.03089666735,-16554.79717907872,-16678.02234626083,-16910.1899159181,-16817.296065961847,-16566.643603640034,-16631.173089882504,-16881.266758592934,-16847.649734932154,-16586.581359694166,-16568.05176354072,-16809.76352808041,-16829.67893239009,-16574.287900243748,-16493.151067870986,-16730.83951840872,-16825.297990476847,-16602.786374424264,-16472.699221694376,-16689.958177799963,-16854.981107113494,-16671.294471179783,-16487.78664920171,-16653.994220971374,-16848.00736284344,-16703.704500639975,-16481.21523633185,-16579.831132868665,-16807.70716759052,-16730.526593986346,-16494.335710327116,-16540.492062627323,-16792.6644435721,-16780.08041144376,-16521.873059496054,-16503.946960442896,-16758.242757110926,-16813.60802812672,-16572.164484520494,-16490.73707946981,-16733.566431232266,-16841.90533660714,-16620.488956032867,-16471.7380966828,-16671.696802579976,-16836.60797317123,-16657.794017528777,-16460.003430843764,-16621.673598489,-16834.484557447977,-16700.95523607197,-16480.701146209376,-16575.114914788595,-16818.61481888471,-16762.84721646872,-16505.466879065858,-16531.327847400647,-16787.612949325197,-16789.714013303997,-16530.210260177882,-16497.12967838403,-16757.639260010634,-16828.203717256038,-16583.18389453696,-16481.4387537764,-16714.3439310007,-16836.563269682323,-16633.408264328034,-16488.12192536854,-16684.437296919503,-16859.965546127027,-16688.86294232165,-16498.26961735125,-16642.61718304362,-16861.28429904989,-16755.538196031834,-16532.624248579057,-16611.503554761835,-16847.113293065227,-16804.957903022518,-16554.998344778818,-16550.617402865577,-16805.717862333997,-16823.398092198146,-16569.169350763485,-16516.396882104502,-16757.996887921916,-16829.27660098989,-16592.23635104136,-16474.30854729516,-16696.88721858111,-16831.33296147978,-16629.921392193006,-16461.322183766628,-16640.493767320368,-16829.65658064563,-16677.284738693805,-16473.526236239224,-16609.000159382842,-16837.010304571428,-16740.718989457964,-16501.734137741823,-16563.536711160745,-16811.95399903703,-16777.577016064766,-16523.884716497032,-16520.710768784378,-16775.677117786065,-16797.492420374445,-16553.545481389225,-16482.64574797699,-16719.753053158885,-16813.406862426622,-16593.018662097296,-16472.051021105173,-16682.67150910753,-16819.061853773816,-16637.610392285635,-16461.25512853326,-16622.120633378105,-16821.632304386178,-16691.09811676718,-16465.50195997977,-16563.782580349754,-16798.3641384082,-16723.441090994012,-16481.326995054125,-16526.924553742952,-16778.538141076344,-16761.79668447932,-16514.36287335907,-16494.22395160484,-16744.60819299319,-16790.94335924904,-16555.110103501094,-16467.44656174738,-16705.582047174223,-16819.888868318663,-16599.165391822506,-16445.832424859098,-16654.195386671472,-16823.733368364974,-16640.09143592017,-16446.30181149266,-16600.886476145562,-16808.645940857645,-16685.554884142268,-16455.935413352898,-16546.728199330355,-16796.12896396267,-16729.386655019123,-16476.007279873764,-16505.89156221051,-16770.111533416693,-16770.89384447263,-16516.46393733787,-16476.387259529503,-16738.84144292372,-16804.84614430024,-16554.59601337862,-16442.926698079908,-16687.3877271876,-16823.08516777577,-16598.919522633496,-16428.5768781396,-16620.66776998851,-16814.18917348256,-16647.668677290523,-16429.180375239896,-16575.740763633345,-16804.153240222127,-16688.997052788385,-16440.311543978638,-16525.98578047583,-16783.813152767798,-16730.437187008523,-16468.184169314405,-16475.06850660664,-16738.305001056793,-16761.707277501497,-16503.25405636478,-16440.691523634378,-16693.221532490435,-16781.37681262217,-16538.480405626346,-16413.53415412118,-16637.29746786326,-16786.249492913426,-16583.452115470423,-16402.939427249363,-16586.916635861,-16780.37098412168,-16623.037054900775,-16408.214438940817,-16537.765149803778,-16784.61781556819,-16695.859038336162,-16447.01706731523,-16512.820602991655,-16773.441943340535,-16740.69663771351,-16477.281329307716,-16462.21625354484,-16728.604343963187,-16773.84427474073,-16519.70494028389,-16442.032628301695,-16694.562637157756,-16795.99485349594,-16559.08871401414,-16410.561372108623,-16633.475319561403,-16801.94041752105,-16607.837868671166,-16414.8752587885,-16589.55414170672,-16796.03955698485,-16646.28286913429,-16414.8752587885,-16525.89637349801,-16777.46525734249,-16697.848343592686,-16434.276572975705,-16481.88578866551,-16763.853044969208,-16754.88999544263,-16487.78664920171,-16455.644840674977,-16712.891067611108,-16773.240777640436,-16510.83129773513,-16415.165831466416,-16668.791075800786,-16793.580865094766,-16563.112028016094,-16400.413680125916,-16610.743595450353,-16788.41761212559,-16610.408319283524,-16411.477793631293,-16563.64846988302,-16774.22425439647,-16657.19052042848,-16419.122090235007,-16507.456184322382,-16757.438094310535,-16701.15640177207,-16450.97332608382,-16478.01893687474,-16734.907535899583,-16740.495472013412,-16486.445544534392,-16454.639012174488,-16698.608302904166,-16768.189283393538,-16538.681571326444,-16437.271706732718,-16661.504407108358,-16790.5633795933,-16584.256778270814,-16432.95782005284,-16620.75717696633,-16786.808286524807,-16624.33345607918,-16421.938410036375,-16554.394847678526,-16770.93854796154,-16663.806636787253,-16433.91894506442,-16504.483402309823,-16746.575146505256,-16703.5927419177,-16459.422285487926,-16464.250262290272,-16728.805509663285,-16750.33023957375,-16496.68264349492,-16436.847023588067,-16686.516009153846,-16780.482742843957,-16537.675742825955,-16411.790718053668,-16642.5277760658,-16799.28055993087,-16604.418051769502,-16428.331008950594,-16611.39179603956,-16820.492365418955,-16666.220625188427,-16443.150215524463,-16564.14020826104,-16796.285426173858,-16700.575256416232,-16449.811035372142,-16507.07620466664,-16761.014373423382,-16723.41873924956,-16459.176416298917,-16454.393142985482,-16720.714178170467,-16753.37007681967,-16497.30849233967,-16424.039474015175,-16672.724982824922,-16777.84523699823,-16539.955620760396,-16403.699386560846,-16611.794127439753,-16766.22232988147,-16586.246083527338,-16401.28539815967,-16564.497836172322,-16769.932719461052,-16641.320781865215,-16418.496241390258,-16521.671893795956,-16765.395315336624,-16693.06507027925,-16446.860605104044,-16487.920759668443,-16744.272916826358,-16733.4993759989,-16473.414477516948,-16436.735264865787,-16692.59568364569,-16752.16308261908,-16502.762317986766,-16415.366997166515,-16653.368372126624,-16768.099876415716,-16557.36762969108,-16409.443784885858,-16613.04582512925,-16793.960844750505,-16623.394682812057,-16421.02198851371,-16571.449228697926,-16797.291254674346,-16673.797866558776,-16421.53607863618,-16507.5455913002,-16766.69171651503,-16705.6938058965,-16436.601154399057,-16457.567090698136,-16725.720968928454,-16732.02416086485,-16469.234701303805,-16420.038511757673,-16684.146724241582,-16768.36809734918,-16514.273466381248,-16399.765479536713,-16636.38104634059,-16781.019184710884,-16573.14796127653,-16407.074499973598,-16597.17608656598,-16790.451620871023,-16624.825194457197,-16410.29315117516,-16548.09165574213,-16791.122173204683,-16694.07089877974,-16441.026799801206,-16506.673873266445,-16770.26799562788,-16738.84144292372,-16475.26967230674,-16467.51361698075,-16728.336123029723,-16756.32050708777,-16491.98877715931,-16420.954933280344,-16678.11175323865,-16778.001699209417,-16539.866213782574,-16409.197915696852,-16627.172127625006,-16782.896731245128,-16585.150848049027,-16399.899590003442,-16571.784504864754,-16773.106667173706,-16630.05550265974,-16408.840287785566,-16533.004228234797,-16780.281577143858,-16699.68118663802,-16447.55350918216,-16495.63211150552,-16760.36617283418,-16745.36815230467,-16481.349346798583,-16467.51361698075,-16737.45563476749,-16788.75288829242,-16525.561097331178,-16431.281439218696,-16678.223511960925,-16789.691661559544,-16548.806911564698,-16400.547790592645,-16610.654188472534,-16783.4108213676,-16596.460830743414,-16392.031775955176,-16553.299612200215,-16772.50317007341,-16640.069084175717,-16396.256255657227,-16501.42121331945,-16769.061001427293,-16698.407137204067,-16432.756654352743,-16458.572919198625,-16724.290457283314,-16726.570335217755,-16466.73130592481,-16434.142462508975,-16696.797811603286,-16767.295213615325,-16520.487251339826,-16415.836383800077,-16660.140950696583,-16791.6139115827,-16569.61638565259,-16396.502124846236,-16593.95743536442,-16776.012393952893,-16609.603656483134,-16399.541962092157,-16533.205393934895,-16760.299117600814,-16649.456816846945,-16394.848095756544,-16475.9402246404,-16744.831710437742,-16702.139878528105,-16445.430093458905,-16460.763390155244,-16732.381788776136,-16745.099931371205,-16481.55051249868,-16430.63323862949,-16693.78032610182,-16780.862722499696,-16533.8535945241,-16421.91605829192,-16652.519005837323,-16798.967635508496,-16590.895246374042,-16416.551639622645,-16600.931179634474,-16798.3641384082,-16643.82417724421,-16422.54190713667,-16551.399713921513,-16792.731498805464,-16684.325538197227,-16433.181337497394,-16503.65638776498,-16760.924966445564,-16723.038759593815,-16457.075352320117,-16466.6866024359,-16739.04260862382,-16776.347670119725,-16513.93819021442,-16435.01418054273,-16690.025233033328,-16785.310719646302,-16538.569812604168,-16394.043432956154,-16621.941819422464,-16783.16495217859,-16583.362708492605,-16393.998729467243,-16569.549330419224,-16770.782085750354,-16625.96513342442,-16399.20668592533,-16512.194754146905,-16757.907480944097,-16676.16715147104,-16417.15513672294,-16461.523349466723,-16734.795777177307,-16723.5975532052,-16461.903329122466,-16442.189090512882,-16714.008654833873,-16769.21746363848,-16515.055777437185,-16417.892744289966,-16662.48788386439,-16775.4088968526,-16550.237423209837,-16398.737299291766,-16606.787336681766,-16781.667385300087,-16600.23827555636,-16394.62457831199,-16548.315173186682,-16762.154312390605,-16637.543337052266,-16408.326197663093,-16501.26475110826,-16745.189338349028,-16680.995128273385,-16416.886915789477,-16446.614735915035,-16709.292436753803,-16713.516916455857,-16465.747829168777,-16431.30379096315,-16693.556808657268,-16767.250510126414,-16515.07812918164,-16412.975360509798,-16646.30522087875,-16780.616853310687,-16567.94000481844,-16407.901514518442,-16603.635740713566,-16792.731498805464,-16626.032188657784,-16416.976322767296,-16553.56783313368,-16781.60033006672,-16667.785247300297,-16414.62938959949,-16490.02182364724,-16749.011486650885,-16707.30313149728,-16441.026799801206,-16446.145349281473,-16721.720006670952,-16747.066884883272,-16483.048079377186,-16417.33395067858,-16680.77161082883,-16776.07944918626,-16533.563021846177,-16412.86360178752,-16642.460720832434,-16795.70428081802,-16588.99534809534,-16403.319406905106,-16581.887493358554,-16795.346652906734,-16639.130310908593,-16403.58762783857,-16525.337579886625,-16770.17858865006,-16683.319709696738,-16429.8285758291,-16482.198713087884,-16751.157254118592,-16727.464404995968,-16456.315393008637,-16449.676924905412,-16726.615038706666,-16766.7587717484,-16494.82744870513,-16407.990921496264,-16664.477189120913,-16772.905501473608,-16536.021713736263,-16401.218342926306,-16624.020531656806,-16785.42247836858,-16581.61927242509,-16388.500200331237,-16566.531844917758,-16787.836466769753,-16644.584136555688,-16406.940389506864,-16520.531954828733,-16767.675193271065,-16693.98149180192,-16432.935468308387,-16473.21331181685,-16731.77829167584,-16725.296285783803,-16457.03064883121,-16431.48260491879,-16701.759898872366,-16755.202919865005,-16495.609759761068,-16403.319406905106,-16653.05544770425,-16773.598405551722,-16545.342391174127,-16388.544903820148,-16592.258702785814,-16773.419591596077,-16592.95160686393,-16383.649871784435,-16541.810815550187,-16775.006565452404,-16645.947592967463,-16403.96760749431,-16499.36485282956,-16756.856948954697,-16696.08255578072,-16429.895631062464,-16449.40870397195,-16713.673378667045,-16719.12720431414,-16454.6837156634,-16412.483622131782,-16681.82214281823,-16752.900690186107,-16508.305550611683,-16401.15128769294,-16640.002028942352,-16772.257300884405,-16550.99738252132,-16388.701366031335,-16582.312176503205,-16773.486646829446,-16611.95058965094,-16403.498220860747,-16541.87787078355,-16769.12805666066,-16662.130255953107,-16415.38934891097,-16491.653500992477,-16745.03287613784,-16697.73658487041,-16436.7799683547,-16439.462177689336,-16697.289549981302,-16719.46248048097,-16465.8372361466,-16410.315502919617,-16674.155494470062,-16778.538141076344,-16536.26758292527,-16407.655645329432,-16634.99523818436,-16779.834542254754,-16565.302498972716,-16377.592549037046,-16561.6591646265,-16768.859835727195,-16612.844659429153,-16381.95113920583,-16501.622379019544,-16748.855024439697,-16660.744447796875,-16421.15609898044,-16483.07043112164,-16737.45563476749,-16705.157364029572,-16442.81493935763,-16430.767349096222,-16700.59760816069,-16749.413818051078,-16490.334748069614,-16414.942314021864,-16669.796904301274,-16763.383658335646,-16528.98091423284,-16400.637197570468,-16616.063310630718,-16777.80053350932,-16579.317042746192,-16381.52645606118,-16552.874929055564,-16765.998812436916,-16634.21292712843,-16397.95498823583,-16502.382338331026,-16752.051323896805,-16681.084535251204,-16419.01033151273,-16451.040381317187,-16706.409061719067,-16688.125334754626,-16426.900497305454,-16394.982206223274,-16653.658944804545,-16713.986303089416,-16470.97813737132,-16385.68388052987,-16620.935990921975,-16746.955126160996,-16527.170422931962,-16371.222301867283,-16579.741725890843,-16756.87930069915,-16577.03716481175,-16380.073592671586,-16533.764187546276,-16762.444885068522,-16636.537508551777,-16400.972473737296,-16485.21619858935,-16740.808396435787,-16691.366337700645,-16427.526346150204,-16444.44661670287,-16712.98047458893,-16726.100948584193,-16463.333840767606,-16417.71393033432,-16679.16228522805,-16764.83652172524,-16519.861402495077,-16392.992900966754,-16627.44034855847,-16777.688774787042,-16560.56392914819,-16388.43314509787,-16586.33549050516,-16779.476914343468,-16618.00791239833,-16394.95985447882,-16538.145129459517,-16768.077524671262,-16662.7337530534,-16407.566238351614,-16478.622433975033,-16748.564451761777,-16710.767651887854,-16444.223099258317,-16441.049151545663,-16710.387672232115,-16741.948335403005,-16478.510675252757,-16410.449613386347,-16672.032078746804,-16766.535254303846,-16520.710768784378,-16385.23684564076,-16614.81161294122,-16775.073620685773,-16571.069249042182,-16386.53324681917,-16562.79910359372,-16771.832617739754,-16626.546278780257,-16393.10465968903,-16512.06064368017,-16761.148483890116,-16671.473285135424,-16411.902476775944,-16462.842102389586,-16725.63156195063,-16708.711291397965,-16443.88782309149,-16435.505918920746,-16697.26719823685,-16741.814224936275,-16479.002413630773,-16400.212514425817,-16650.730866280897,-16761.103780401205,-16526.768091531765,-16389.841304998554,-16606.00502562583,-16770.871492728173,-16576.210150266907,-16379.112467660007,-16543.353085917603,-16763.83069322475,-16631.441310815968,-16396.077441701585,-16496.436774305916,-16752.56541401928,-16682.91737829654,-16416.43988090037,-16449.855738861053,-16720.26714328136,-16722.256448537883,-16449.40870397195,-16411.56720060911,-16667.695840322478,-16733.164099832073,-16480.969367142843,-16377.279624614672,-16616.33153156418,-16750.374943062656,-16533.27244916826,-16365.14262737544,-16566.57654840667,-16749.860852940186,-16575.159618277507,-16363.399191307926,-16517.089786182616,-16750.866681440675,-16626.546278780257,-16382.867560728499,-16472.475704249824,-16730.079559097238,-16672.702631080465,-16401.95595049333,-16426.676979860902,-16694.5402854133,-16702.050471550283,-16440.35624746755,-16392.165886421906,-16649.523872080314,-16729.476061996946,-16484.07625962213,-16372.608110023513,-16599.835944156166,-16741.791873191818,-16541.296725427714,-16374.306842602116,-16564.676650127967,-16752.453655297002,-16585.396717238036,-16371.892854200943,-16511.099518668594,-16739.087312112726,-16639.845566731165,-16391.20476141033,-16463.937337867897,-16728.470233496457,-16689.220570232937,-16426.364055438527,-16423.123052492505,-16688.550017899277,-16720.13303281463,-16460.986907599796,-16392.277645144182,-16637.185709140984,-16732.31473354277,-16487.27255907924,-16355.75489470421,-16576.880702600563,-16733.767596932365,-16546.057646996695,-16361.454589540315,-16531.014922978273,-16733.83465216573,-16589.55414170672,-16371.535226289658,-16491.69820448139,-16727.06207359577,-16638.392703341568,-16394.49046784526,-16446.34651498157,-16703.704500639975,-16685.57723588672,-16419.747939079756,-16397.932636491376,-16668.72402056742,-16706.945503585997,-16442.881994591,-16351.843339424533,-16601.24410405685,-16707.236076263915,-16480.298814809183,-16340.935688130343,-16550.7068098434,-16714.947428100997,-16532.624248579057,-16337.985257862241,-16502.65055926449,-16717.182602546527,-16577.32773748967,-16349.563461490092,-16454.884881363498,-16699.34591047119,-16641.365485354127,-16389.237807898262,-16429.69446536237,-16695.613169147156,-16691.634558634112,-16427.526346150204,-16387.427316597383,-16651.557880825745,-16720.602419448187,-16468.87707339252,-16365.47790354227,-16596.885513888064,-16718.523707213844,-16500.147163885496,-16347.104769600008,-16550.88562379904,-16729.96780037496,-16549.03042900925,-16340.958039874798,-16483.5398177552,-16705.626750663134,-16599.344205778147,-16362.058086640607,-16449.498110949768,-16707.16902103055,-16662.644346075576,-16402.09006096006,-16411.7236628203,-16678.737602083398,-16701.178753516528,-16446.011238814743,-16386.555598563624,-16633.475319561403,-16712.73460539992,-16469.838198404097,-16345.540147488136,-16575.00315606632,-16715.439166479013,-16505.958617443874,-16333.8054816491,-16513.379396603035,-16706.274951252337,-16550.192719720926,-16338.253478795707,-16473.4368292614,-16699.390613960102,-16600.28297904527,-16357.163054604896,-16429.58270664009,-16691.29928246728,-16666.377087399615,-16410.471965130804,-16399.452555114338,-16669.52868336781,-16709.426547220533,-16441.317372479127,-16368.227168110272,-16619.23725834337,-16720.423605492546,-16487.87605617953,-16339.907507885398,-16551.51147264379,-16708.890105353606,-16518.430890849937,-16337.89585088442,-16510.808945990677,-16719.55188745879,-16579.33939449065,-16347.417694022382,-16458.84114013209,-16710.767651887854,-16635.419921329012,-16379.179522893373,-16427.280476961194,-16693.892084824096,-16686.225436475925,-16423.637142614978,-16392.121182932995,-16658.330459395704,-16718.791928147308,-16455.98011684181,-16356.246633082228,-16604.261589558315,-16726.83855615122,-16492.5922742596,-16335.571269461068,-16544.291859184726,-16729.297248041305,-16541.363780661082,-16344.891946898932,-16506.852687222086,-16724.111643327673,-16602.696967446445,-16358.928842416864,-16455.98011684181,-16712.220515277448,-16651.647287803567,-16385.10273517403,-16406.605113340036,-16667.561729855744,-16680.369279428636,-16417.266895445217,-16365.969641920286,-16628.267363103314,-16707.057262308273,-16461.97038435583,-16347.484749255747,-16577.573606678678,-16705.805564618775,-16486.78082070122,-16322.070815810064,-16506.651521521988,-16698.92122732654,-16532.534841601235,-16316.728748885245,-16466.910119880453,-16712.421680977546,-16612.509383262324,-16365.075572142074,-16442.25614574625,-16700.418794205045,-16653.658944804545,-16392.322348633093,-16389.01429045371,-16646.05935168974,-16675.54130262629,-16418.78681406818,-16353.296202814128,-16608.888400660562,-16692.21570398995,-16446.279459748206,-16326.921144356866,-16562.46382742689,-16717.339064757714,-16506.852687222086,-16331.346789759016,-16521.917762984966,-16728.291419540816,-16577.059516556208,-16352.558595247103,-16472.296890294183,-16708.063090808762,-16616.71151121992,-16367.154284376418,-16432.376674697003,-16697.155439514572,-16664.991279243386,-16403.09588946055,-16396.166848679408,-16667.06999147773,-16708.73364314242,-16453.342610996082,-16374.19508387984,-16605.356825036626,-16710.521782698845,-16477.25897756326,-16334.498385727215,-16547.64462085302,-16706.029082063327,-16511.367739602058,-16320.886173353932,-16483.91979741094,-16689.198218488484,-16550.28212669875,-16326.764682145678,-16437.785796855187,-16673.283776436303,-16593.08571733066,-16351.28454581315,-16397.507953346725,-16659.11277045164,-16651.401418614558,-16394.71398528981,-16364.360316319504,-16625.80867121323,-16686.560712642757,-16436.936430565886,-16341.315667786082,-16580.32287124668,-16703.168058773048,-16482.556340999166,-16325.84826062301,-16525.739911286822,-16698.87652383763,-16531.014922978273,-16331.883231625943,-16474.39795427298,-16687.052451020772,-16561.457998926402,-16334.677199682857,-16416.618694856013,-16666.935881010995,-16611.90588616203,-16358.347697061026,-16382.509932817215,-16645.701723778453,-16657.525796595313,-16406.113374962017,-16364.80735120861,-16617.71733972041,-16689.86877082214,-16452.225023773317,-16343.684952698346,-16574.533769432757,-16705.4926401964,-16496.68264349492,-16333.581964204546,-16530.433777622435,-16723.865774138663,-16560.295708214726,-16346.858900411,-16482.086954365608,-16719.08250082523,-16611.794127439753,-16360.7616854622,-16427.83927057258,-16690.11464001115,-16652.92133723752,-16393.037604455665,-16396.613883568512,-16663.76193329834,-16696.797811603286,-16439.05984628914,-16368.629499510469,-16621.070101388705,-16719.797756647797,-16475.895521151488,-16353.85499642551,-16577.148923534027,-16733.78994867682,-16535.418216635968,-16355.911356915398,-16530.456129366892,-16738.64027722362,-16592.05753708572,-16358.370048805482,-16477.951881641377,-16728.425530007546,-16640.873746976107,-16372.228130367772,-16422.810128070134,-16693.95914005746,-16672.792038058287,-16402.29122666016,-16385.750935763233,-16648.20511915745,-16688.482962665912,-16433.15898575294,-16347.75297018921,-16603.546333735747,-16715.997960090393,-16483.562169499655,-16336.152414816906,-16548.873966798063,-16718.948390358495,-16526.83514676513,-16335.23599329424,-16505.35512034358,-16720.35655025918,-16587.922464361487,-16351.061028368596,-16457.790608142688,-16708.621884420143,-16639.19736614196,-16371.28935710065,-16400.838363270566
-15411.170174022935,-15614.012254954847,-16834.082226047783,-16786.07067895778,-15560.3233647732,-15431.2420405438,-16645.90288947855,-16931.267610939456,-15763.433666638573,-15318.209268833312,-16436.69056137688,-17028.27418187549,-15990.750907749047,-15262.486369906232,-16217.062320359031,-17059.678382835198,-16214.938904635777,-15251.802236056596,-15971.595462750849,-17014.50550729102,-16438.858680589045,-15298.003291845715,-15731.73889300095,-16912.2909798969,-16630.167261382016,-15402.587104152097,-15537.949268573437,-16788.529370847868,-16821.05115903034,-15585.737298218883,-15382.179961464402,-16594.024490597785,-16956.413323451678,-15796.670710643615,-15265.54855889661,-16373.52453154618,-17032.856289488827,-16029.46412914564,-15230.188099168314,-16127.051845437509,-17034.644429045253,-16256.535501067103,-15248.181253454835,-15896.001863003,-16993.83014366986,-16500.12481214104,-15328.312257327112,-15678.832313875237,-16881.44557254858,-16700.061166293763,-15472.01162243028,-15496.218561675378,-16733.566431232266,-16866.514607252433,-15660.503883421885,-15364.52208334471,-16544.537728373736,-16999.865114672793,-15896.650063592204,-15296.662187178397,-16332.822004893067,-17058.717257823617,-16119.027569178053,-15253.188044212824,-16077.207455302174,-17032.789234255462,-16337.962906117787,-15282.267663749179,-15841.553013509872,-16958.290869985925,-16549.432760409447,-15367.025478723703,-15622.058882958758,-16826.437929444066,-16720.177736303536,-15510.54602987123,-15433.72308417834,-16651.937860481485,-16867.945118897573,-15694.858514649692,-15304.17237331538,-16445.05011380316,-16969.958480591595,-15907.848287564313,-15244.806140042085,-16225.578334996502,-17030.28583887647,-16166.480322656671,-15265.16857924087,-16021.21633544163,-17036.23140290158,-16423.950067037353,-15336.56005103112,-15806.103146803754,-16960.503692686998,-16645.38879935608,-15449.77163669725,-15603.909266461047,-16824.76154860992,-16827.75668236693,-15607.351435107164,-15442.663781960462,-16634.34703759516,-16949.05959952588,-15789.093469273266,-15314.118899597992,-16403.989959238763,-17018.037082914958,-16005.50305908955,-15249.343544166511,-16164.379258677873,-17025.636676029764,-16230.093387376475,-15264.967413540771,-15944.505148471017,-16988.823352911873,-16448.7828551272,-15337.454120809332,-15726.441529565041,-16902.076232680825,-16676.10009623767,-15471.788104985728,-15547.828739622682,-16767.6081380377,-16850.153130311148,-15653.328973451731,-15405.269313486733,-16574.489065943846,-16955.608660651287,-15841.70947572106,-15292.147134798424,-16341.405074763905,-17014.617266013298,-16059.03548706001,-15250.058799989081,-16109.148098128808,-17025.524917307488,-16301.216638233262,-15286.112163795491,-15885.407136131185,-16969.77966663595,-16507.389129089013,-15360.454065853843,-15659.654517132583,-16841.19008078457,-16688.080631265715,-15489.043651705224,-15479.901788223004,-16691.54515165629,-16861.038429860884,-15675.323089995754,-15347.17712964739,-16493.39693705999,-16965.957518334093,-15889.09517396631,-15274.712774123285,-16283.737574069211,-17022.105100405824,-16123.90024946931,-15252.361029667978,-16046.071475275932,-17005.810678697908,-16350.926917901865,-15298.338568012545,-15824.722149935025,-16950.713628615576,-16564.631946639056,-15394.831048826105,-15613.006426454358,-16822.079339275282,-16762.46723681298,-15535.177652260978,-15437.545232480197,-16644.04769468876,-16889.380441830213,-15714.081014881256,-15307.011044861203,-16439.283363733695,-16994.36658553679,-15940.414779235696,-15238.324134150045,-16206.758166165135,-17016.785385225463,-16170.34717444744,-15246.929555765339,-15984.961805935123,-17010.526896777978,-16409.35437790804,-15310.833193163062,-15768.84278879676,-16935.469738897056,-16639.28677311978,-15439.266316803256,-15584.396193551565,-16810.098804247238,-16836.205641771037,-15615.576877066718,-15417.026331070225,-16623.752310723343,-16964.594061922322,-15804.627931669706,-15311.928428641371,-16415.38934891097,-17041.104083192837,-16022.803309297957,-15244.806140042085,-16163.8651685554,-17051.788217042475,-16254.792064999589,-15257.92661403735,-15920.745244115025,-16997.22760882707,-16474.26384380625,-15325.138309614458,-15707.330788055753,-16907.619465305743,-16684.660814364055,-15465.507264793787,-15519.64318986454,-16743.334143559237,-16842.978220340996,-15633.458272630964,-15362.242205410268,-16542.03433299474,-16947.226756480548,-15833.640495972693,-15266.800256586106,-16307.877458080944,-16999.283969316955,-16052.821702101435,-15231.238631157714,-16085.477600750639,-17004.98366415306,-16286.196265959295,-15256.54080588112,-15840.36837105374,-16948.88078557024,-16512.775899502743,-15341.589193533564,-15616.985036967402,-16827.689627133564,-16694.65204413558,-15467.541273539218,-15437.656991202473,-16670.132180468107,-16854.91405188013,-15652.971345540447,-15300.305521524611,-16464.987869857297,-16951.808864093884,-15858.607394529272,-15203.67893024432,-16228.618172242424,-17009.006978155016,-16094.395946788305,-15182.62358696742,-15990.236817626575,-17001.563847251397,-16333.604315949002,-15230.63513405742,-15756.236404923966,-16922.438671879612,-16554.998344778818,-15338.527004543186,-15544.274812254289,-16798.162972708105,-16750.665515740577,-15498.63255007655,-15377.866074784528,-16632.693008505466,-16909.541715328898,-15715.466823037485,-15269.951852554304,-16424.710026348832,-17011.21980085609,-15940.101854813322,-15191.363119049445,-16178.304395473528,-17051.89997576475,-16185.434601954772,-15204.260075600158,-15940.8618141248,-17016.09248114735,-16424.30769494864,-15255.78084656964,-15699.910008896592,-16915.73314854302,-16624.75813922383,-15363.739772288773,-15485.914407481481,-16772.614928795687,-16806.701339090032,-15540.922050585992,-15325.518289270198,-16570.532807175256,-16939.20248022109,-15754.492968856452,-15217.313494362057,-16342.433255008847,-17013.499678790533,-15983.106611145331,-15165.926833859306,-16091.780792687036,-17019.55700153792,-16222.471442517215,-15177.86266539844,-15847.364467068252,-16960.660154898185,-16435.81884334312,-15246.326058665045,-15609.452499085965,-16856.14339782517,-16660.00684022985,-15394.562827892642,-15423.418929984444,-16704.956198329473,-16832.71876963601,-15584.396193551565,-15273.751649111708,-16491.98877715931,-16947.986715792027,-15801.498687445963,-15183.137677089891,-16262.324602881028,-17007.777632209974,-16038.65069611677,-15145.005601049139,-16010.129870191799,-17000.200390839625,-16269.901844251377,-15175.448676997266,-15767.300518429342,-16935.179166219135,-16490.580617258624,-15259.290070449124,-15531.064931281202,-16806.768394323397,-16703.033948306318,-15412.734796134806,-15343.153815645435,-16635.91165970703,-16863.854749662252,-15618.102624190167,-15217.268790873146,-16410.494316875258,-16954.69223912862,-15830.265382559943,-15125.85015605094,-16172.20236923723,-17004.693091475143,-16085.455249006183,-15122.407987404822,-15926.891973840235,-16983.4589342426,-16329.893926369421,-15187.026880625115,-15698.792421673827,-16892.308520353858,-16545.632963852044,-15301.043129091637,-15483.72393652486,-16753.906518686596,-16736.78508243383,-15476.01258468778,-15331.262687595212,-16578.89235960154,-16880.126819625715,-15682.29683426581,-15230.478671846233,-16359.599394750525,-16953.97698330605,-15913.235057978041,-15172.565301962532,-16119.698121511714,-16977.289852772934,-16143.122749700875,-15174.889883385884,-15890.995072245012,-16939.694218599107,-16368.80831346611,-15230.478671846233,-15647.361057682165,-16841.167729040113,-16575.62900491107,-15350.12755991549,-15444.407218027976,-16698.049509292785,-16759.94148968953,-15525.946381800937,-15290.448402219821,-16520.576658317645,-16905.227828649025,-15734.801081991325,-15184.791706179585,-16290.979539272732,-16986.632881955255,-15966.834541181868,-15125.827804306486,-16047.65844913226,-17003.351986807822,-16218.984570382187,-15165.278633270102,-15819.357731265753,-16969.757314891496,-16465.792532657688,-15253.21039595728,-15595.192086123478,-16854.198796057557,-16667.159398455547,-15388.259635956245,-15393.959330792348,-16679.63167186161,-16829.56717366781,-15562.111504329623,-15238.502948105688,-16468.720611181332,-16941.951744789094,-15783.259663970432,-15151.509958685632,-16232.865003688934,-16997.965216394095,-16023.920896520722,-15125.581935117476,-15977.719840731603,-16966.02457356746,-16259.97766971322,-15168.832560638495,-15734.175233146578,-16899.796354746384,-16489.08305038012,-15272.92463456686,-15519.710245097905,-16776.191207908538,-16686.44895392048,-15434.170119067447,-15356.073123940603,-16608.28490356027,-16838.66433366112,-15624.025836470824,-15215.30183736108,-16385.66152878541,-16940.25301221049,-15843.609373999761,-15141.272859725103,-16160.512406887105,-16981.000242352515,-16090.842019419912,-15143.396275448356,-15916.766633601981,-16970.360811991788,-16340.958039874798,-15201.846087198985,-15688.667081435571,-16902.076232680825,-16576.925406089475,-15318.253972322223,-15471.944567196915,-16758.063943155285,-16760.388524578633,-15477.577206799651,-15295.16462029989,-16561.79327509323,-16890.699194753077,-15679.659328420083,-15176.834485153495,-16329.066911824575,-16979.569730707375,-15914.442052178629,-15125.514879884111,-16086.170504828753,-16988.93511163415,-16147.637802080848,-15132.846252065452,-15838.557879752861,-16941.325895944345,-16381.839380483554,-15199.566209264543,-15597.986054180392,-16838.15024353865,-16608.70958670492,-15341.164510388913,-15402.76591810774,-16682.805619574265,-16779.611024810198,-15526.281657967766,-15261.681707105841,-16488.099573624084,-16900.064575679848,-15737.863270981703,-15159.556586689543,-16261.519940080636,-16972.5065794595,-15977.853951198334,-15134.5226328996,-16016.678931317203,-16977.200445795115,-16219.789233182579,-15154.549795931554,-15770.765038819914,-16901.919770469638,-16431.30379096315,-15231.305686391079,-15543.939536087459,-16791.971539493985,-16647.400456357056,-15386.963234777837,-15363.605661822041,-16629.63081951509,-16817.877211317686,-15580.819914438716,-15228.176442167336,-16432.287267719184,-16939.761273832475,-15812.98748409599,-15149.61006040693,-16193.145953791853,-16984.68828018764,-16041.55642289596,-15122.94442927175,-15946.673267683182,-16968.03623056844,-16286.106858981475,-15166.820903637517,-15700.669968208073,-16883.010194660448,-16501.22004761935,-15259.82651231605,-15473.86681722007,-16754.778236720354,-16695.25554123587,-15421.876659617026,-15300.260818035702,-16558.99930703632,-16826.907316077628,-15611.732377020406,-15178.644976454376,-16348.535281245147,-16929.59123010531,-15852.61712701525,-15123.726740327686,-16116.166545887774,-16972.350117248312,-16106.465888794171,-15130.722836342196,-15876.399383115697,-16933.05575049588,-16332.196156048318,-15195.632302240409,-15639.292077933798,-16834.082226047783,-16546.325867930158,-15299.858486635505,-15422.748377650783,-16692.193352245493,-16729.766634674863,-15480.594692301118,-15271.918806066371,-16510.876001224042,-16864.212377573538,-15682.38624124363,-15165.010412336638,-16292.812382318067,-16954.714590873074,-15921.86283133779,-15126.073673495493,-16061.985917328111,-16979.70384117411,-16172.023555281587,-15143.619792892909,-15811.9816555955,-16929.814747549863,-16404.21347668332,-15217.58171529552,-15584.239731340378,-16826.504984677435,-16611.883534417575,-15337.521176042697,-15382.403478908955,-16652.34019188168,-16769.150408405116,-15512.915314783493,-15233.339695136512,-16463.17737855642,-16905.5407530714,-15753.040105466856,-15140.75876960263,-16221.040930872075,-16952.881747827738,-15970.20965459462,-15092.546056812533,-15970.053192383433,-16952.255898982992,-16213.754262179646,-15133.382693932379,-15732.990590690446,-16883.881912694207,-16442.367904468527,-15232.199756169292,-15512.982370016858,-16763.51776880238,-16647.668677290523,-15383.074031242613,-15324.84773693654,-16587.81070563921,-16802.387452410156,-15580.529341760797,-15206.048215156581,-16394.602226567535,-16916.604866576778,-15810.55114395036,-15128.062978752016,-16152.063447482999,-16956.167454262668,-16046.294992720485,-15113.623751833888,-15898.996996760012,-16927.87014578225,-16278.104934466475,-15159.3777727339,-15667.76820036986,-16842.888813363174,-16491.474687036836,-15264.92271005186,-15458.377058312542,-16711.996997832895,-16681.576273629224,-15423.95537185137,-15282.178256771358,-16527.304533398692,-16816.312589205812,-15628.876165017626,-15177.19211306478,-16319.746234386712,-16921.388139890212,-15868.777438256437,-15122.676208338287,-16085.90228389529,-16946.332686702335,-16101.906132925289,-15117.647065835843,-15838.356714052763,-16912.335683385812,-16341.829757908556,-15192.637168483398,-15612.961722965447,-16819.151260751638,-16549.388056920536,-15304.440594248843,-15402.654159385464,-16663.91839550953,-16726.70444568449,-15475.118514909569,-15238.3464858945,-16473.749753683776,-16864.078267106805,-15689.62820644715,-15137.338952700968,-16246.544271295581,-16936.520270886456,-15916.163136501687,-15097.195219659236,-16005.413652111729,-16941.68352385563,-16165.206273222719,-15119.524612370089,-15759.45505612553,-16896.331834355813,-16407.767404051712,-15205.19884886728,-15540.40796046352,-16782.74026903394,-16609.53660124977,-15350.976926204792,-15355.424923351398,-16633.698837005955,-16786.428306869067,-15538.038675551257,-15217.134680406414,-16437.11524452153,-16907.552410072378,-15758.516282858407,-15123.771443816597,-16190.195523523751,-16953.97698330605,-15988.180457136687,-15098.536324326555,-15950.182491562664,-16950.601869893297,-16225.287762318583,-15129.962877030717,-15706.503773510907,-16878.070459135826,-16458.192939542885,-15227.170613666847,-15485.802648759205,-16747.960954661485,-16652.25078490386,-15373.149856704458,-15296.148097055924,-16557.859368069097,-16797.313606418804,-15562.715001429917,-15158.684868655786,-16357.341868560537,-16911.86629675225,-15797.765946121926,-15093.730699268664,-16123.587325046938,-16957.575614163354,-16047.41257994325,-15084.27591136407,-15870.431467346129,-16930.10532022778,-16286.17391421484,-15137.42835967879,-15630.507842362864,-16854.019982101916,-16510.048986679198,-15252.249270945702,-15427.285781775212,-16715.908553112575,-16700.798773860788,-15416.601647925574,-15250.863462789472,-16512.597085547102,-16832.405845213634,-15614.906324733058,-15124.017313005605,-16292.387699173416,-16927.803090548885,-15863.94946145409,-15085.4605538202,-16059.527225438027,-16960.950727576106,-16105.683577738237,-15093.060146935004,-15810.573495694816,-16917.320122399346,-16350.837510924044,-15171.894749628873,-15586.117277874624,-16821.05115903034,-16567.336507718148,-15292.683576665351,-15375.630900338996,-16657.324630895215,-16726.83855615122,-15451.2468518313,-15203.813040711051,-16444.983058569796,-16841.39124648467,-15662.627299145139,-15107.074690708483,-16233.669666489324,-16958.804960108395,-15942.806415892413,-15087.963949199195,-16005.391300367273,-16968.79618987992,-16179.44433444075,-15102.358472628412,-15747.899204242136,-16907.217133905546,-16412.036587242674,-15184.367023034934,-15510.344864171133,-16784.439001612547,-16615.772737952797,-15332.98377191827,-15338.281135354178,-16632.53654629428,-16790.898655760127,-15518.704416597417,-15182.28831080059,-16414.830555299588,-16914.54850608689,-15753.978878733978,-15103.878391251374,-16195.939921848765,-16970.4055154807,-15995.31066361793,-15087.181638143258,-15942.739360659047,-16962.425942710157,-16245.896070706378,-15118.921115269795,-15688.823543646758,-16876.10350562376,-16469.771143170732,-15224.913087476862,-15464.769657226761,-16744.78700694883,-16669.282814178805,-15382.872865542517,-15289.531980697153,-16557.36762969108,-16799.83935354225,-15563.720829930406,-15140.80347309154,-16328.821042635565,-16898.90228496817,-15804.069138058323,-15098.290455137547,-16107.896400439311,-16951.808864093884,-16052.620536401337,-15084.857056719908,-15864.575310298838,-16926.81961379285,-16296.053385264086,-15146.078484782993,-15627.289191161299,-16846.420388987113,-16514.161707658972,-15259.133608237937,-15413.964142079849,-16695.233189491413,-16710.052396065283,-15434.773616167739,-15244.895547019905,-16508.37260584505,-16850.95779311154,-15643.628316358128,-15138.724760857198,-16289.951359027787,-16946.332686702335,-15890.90566526719,-15084.99116718664,-16044.663315375248,-16973.154780048702,-16133.623258307369,-15091.786097501052,-15802.146888035166,-16924.562087602866,-16373.43512456836,-15164.786894892086,-15571.32042304521,-16824.985066054473,-16585.441420726947,-15301.154887813913,-15356.94484197436,-16660.47622686341,-16761.684925757043,-15484.72976502535,-15207.322264590535,-16450.6827534059,-16875.947043412572,-15693.897389638114,-15098.84924874893,-16217.889334903877,-16944.656305868186,-15931.474081453573,-15061.298318064013,-15963.101799857832,-16944.432788423634,-16174.504598916126,-15099.139821426848,-15721.25592485141,-16880.082116136804,-16411.76836630921,-15188.949130648272,-15494.944512241425,-16762.04255366833,-16614.00695014083,-15331.776777717683,-15302.205419803313,-16583.765039892798,-16777.08527768675,-15521.408977676509,-15172.721764173719,-16387.248502641738,-16894.81191573285,-15749.553233331828,-15086.444030576235,-16149.336534659451,-16946.913832058173,-15989.700375759647,-15064.964004154685,-15906.082499752343,-16936.408512164176,-16238.765864225134,-15109.175754687281,-15657.441694431507,-16861.08313334979,-16473.8391606616,-15221.180346152825,-15442.999058127292,-16736.270992311358,-16679.810485817252,-15384.750412076763,-15267.73902985323,-16552.56200463319,-16832.674066147098,-15582.116315617122,-15134.85790906643,-16324.507155955693,-16916.24723866549,-15810.305274761353,-15066.998012900116,-16077.967414613655,-16945.326858201846,-16058.633155659814,-15061.83475993094,-15830.108920348755,-16919.644703822698,-16300.121402754952,-15122.743263571652,-15588.821838953716,-16827.4214062001,-16518.587353061124,-15239.240555672714,-15381.397650408466,-16678.558788127757,-16706.72198614144,-15409.694958888884,-15215.055968172072,-16483.338652055103,-16835.088054548272,-15625.076368460223,-15102.671397050786,-16254.948527210776,-16917.543639843898,-15863.748295753992,-15061.41007678629,-16017.595352839871,-16947.226756480548,-16121.821537234968,-15083.247731119125,-15779.973957535502,-16908.222962406035,-16357.677144727368,-15152.404028463845,-15543.872480854092,-16792.84325752774,-16571.873911842576,-15285.709832395296,-15339.085798154569,-16639.7785114978,-16752.520710530367,-15473.799761986706,-15188.278578314612,-16435.77413985421,-16873.91303466714,-15693.852686149203,-15090.199123644725,-16191.983663080176,-16930.35118941679,-15921.639313893238,-15039.728884664642,-15933.351627987819,-16916.761328787965,-16168.96136629121,-15085.281739864558,-15698.255979806898,-16862.603051972754,-16399.00552022523,-15174.28638628559,-15476.325509110155,-16744.719951715466,-16599.344205778147,-15321.65143747943,-15288.637910918942,-16570.24223449734,-16761.46140831249,-15514.278771195266,-15142.14457775886,-16364.136798874952,-16875.09767712327,-15734.868137224692,-15054.97277438316,-16112.232638863641,-16912.91682874165,-15971.72957321758,-15052.156454581793,-15875.304147637386,-16899.461078579556,-16220.571544238514,-15095.004748702617,-15631.156042952067,-16828.516641678412,-16443.843119602578,-15204.505944789165,-15428.269258531245,-16691.411041189556,-16648.76391276883,-15372.971042748815,-15255.423218658356,-16522.16363217397,-16798.699414575032,-15578.294167315265,-15122.27387693809,-16296.790992831111,-16899.617540790743,-15815.423824241618,-15063.198216342715,-16051.078266033921,-16919.465889867057,-16045.959716553656,-15052.290565048525,-15808.628893927205,-16891.05682266436,-16286.956225270776,-15117.982342002671,-15565.441914253464,-16785.154257435115,-16500.638902263512,-15244.82849178654,-15371.94286250387,-16650.06031394724,-16697.334253470213,-15427.039912586202,-15207.76929947964,-16451.64387841748,-16828.918973078606,-15639.537947122806,-15103.18548717326,-16221.64442797237,-16893.20259013207,-15868.866845234257,-15049.965983625172,-15981.340823333363,-16913.09564269729,-16103.358996314884,-15067.132123366848,-15733.34821860173,-16854.019982101916,-16330.430368236348,-15136.064903267015,-15507.103861225112,-16745.278745326847,-16533.07128346816,-15265.928538552349,-15303.70298668182,-16581.306348002716,-16716.713215912965,-15471.653994518996,-15168.251415282657,-16390.176581165386,-16850.711923922532,-15693.785630915838,-15078.620920016876,-16163.14991273283,-16906.233657149514,-15939.25248852402,-15053.810483671485,-15911.893953310724,-16898.276436123426,-16168.894311057844,-15081.660757262798,-15674.630185917638,-16833.38932196967,-16399.944293492354,-15176.253339797657,-15446.016543628759,-16711.393500732604,-16599.791240667255,-15321.65143747943,-15262.821646073062,-16537.22870793685,-16765.998812436916,-15529.746178358339,-15129.426435163788,-16320.37208323146,-16869.599147987265,-15749.888509498658,-15050.79299817002,-16083.018908860555,-16910.368729873746,-15989.007471681532,-15035.996143340606,-15834.556917495362,-16895.81774423334,-16240.062265403541,-15104.75010928513,-15616.113318933645,-16814.85972581622,-16467.44656174738,-15209.892715202895,-15393.646406369973,-16671.942671768986,-16648.853319746653,-15367.539568846176,-15213.24547687119,-16465.434904746402,-16781.93560623355,-15574.047335868758,-15091.540228312044,-16248.622983529924,-16876.95287191306,-15812.451042229062,-15045.205062056193,-16013.974370238111,-16885.75945922845,-16034.292105947985,-15039.058332330982,-15755.521149101396,-16847.15799655414,-16272.852274519477,-15100.927960983272,-15527.64511437954,-16763.338954846735,-16510.45131807939,-15253.456265146287,-15345.27723136869,-16617.225601342394,-16682.515046896344,-15422.10017706158,-15175.962767119738,-16403.319406905106,-16798.98998725295,-15627.847984772681,-15066.55097801101,-16185.501657188137,-16875.991746901484,-15854.9417084386,-15022.562744922967,-15938.023142578977,-16891.705023253566,-16105.370653315862,-15050.211852814182,-15703.15101184261,-16848.476749477,-16358.302993572117,-15152.225214508202,-15489.311872638687,-16738.103835356695,-16561.457998926402,-15287.855599863005,-15298.919713368383,-16581.351051491627,-16730.750111430898,-15477.465448077375,-15152.247566252658,-16378.218397881796,-16859.160883326636,-15709.275389823366,-15072.876521691862,-16135.478453097161,-16898.656415779165,-15934.022180321477,-15028.374198481346,-15876.131162182231,-16882.786677215896,-16170.458933169715,-15070.127257123859,-15637.079255232724,-16806.254304200924,-16392.23294165527,-15167.759676904641,-15428.604534698074,-16683.990262030395,-16587.09544981664,-15325.138309614458,-15248.382419154934,-16509.311379112172,-16746.17281510506,-15528.315666713199,-15122.117414726903,-16299.026167276643,-16851.449531489558,-15754.202396178533,-15056.73856219513,-16063.125856295332,-16883.703098738562,-15990.728556004591,-15039.304201519992,-15809.634722427694,-16849.61668844422,-16218.671645959814,-15096.32350162548,-15575.164923091523,-16767.541082804335,-16431.236735729784,-15207.00934016816,-15366.980775234793,-16627.060368902727,-16622.366502567114,-15370.646461325463,-15201.91314243235,-16449.96749758333,-16771.27382412837,-15583.055088884246,-15100.659740049809,-16239.190547369784,-16856.322211780815,-15816.22848704201,-15044.35569576689,-15994.438945584172,-16877.15403761316,-16041.55642289596,-15039.013628842073,-15742.758303017416,-16837.546746438355,-16287.515018882159,-15117.445900135745,-15510.478974637865,-16735.06399811077,-16502.002358675287,-15249.12002672196,-15315.392949031944,-16582.84861837013,-16674.289604936792,-15429.67741843193,-15175.739249675185,-16394.53517133417,-16807.08131874577,-15646.176415226033,-15068.74144896763,-16161.160607476308,-16873.756572455954,-15875.572368570849,-15034.74444565111,-15926.646104651227,-16880.64090974819,-16117.172374388263,-15062.706477964697,-15684.442601733519,-16823.375740453692,-16352.446836524827,-15148.514824928621,-15456.231290844833,-16713.002826333384,-16566.889472829043,-15290.180181286358,-15268.074306020058,-16546.817606308177,-16727.97849511844,-15479.521808567264,-15132.399217176346,-16340.153377074406,-16828.896621334152,-15696.311378039287,-15040.287678276025,-16096.027624133543,-16876.997575401972,-15926.869622095779,-15016.25955298657,-15842.447083288085,-16858.155054826148,-16158.947784775233,-15047.328477779447,-15604.311597861242,-16782.695565545033,-16388.880179986976,-15154.035705809083,-15392.90879880295,-16659.649212318567,-16594.829153398176,-15319.863297923006,-15207.121098890437
27370.02400994587,27588.065277107395,27027.327063957106,26707.18302812374,27205.157542843528,27580.577442714864,27114.632977799534,26685.725353446647,27102.18305613793,27605.767858715997,27274.24678495488,26745.650380331324,27032.222095992816,27610.03704190696,27417.633225635676,26839.147727387874,26971.693572007844,27582.902024138217,27549.799090599907,26957.72373172328,26923.525562706658,27543.07121551886,27669.89501355827,27086.290965830205,26889.595614623504,27460.503871500954,27717.884208903815,27174.647411662034,26838.186602376296,27330.59553272671,27737.3972818133,27291.21175899646,26821.489849268182,27196.239196805862,27715.559627480463,27385.737286297954,26836.800794220067,27075.65153546948,27660.082597742392,27507.621348812743,26919.85987661599,27013.983072517287,27640.23424866608,27661.91544078773,27061.21230855135,26976.298031365637,27604.471457537587,27790.72854408366,27224.760022730832,26976.409790087917,27531.649474102196,27853.983980892182,27325.186410568527,26925.336054007537,27376.55071932682,27814.242579250644,27395.840274791753,26884.14178897641,27205.358708543627,27726.91431366376,27436.967484589517,26843.059282667553,27008.372784659005,27570.541509454433,27426.551571673343,26790.510331453126,26790.376220986396,27373.644992547634,27395.169722458093,26776.62989814638,26612.568093844427,27180.123589053583,27389.42532413308,26847.30611411406,26585.12015165331,27115.214123155372,27496.646642285188,27034.680787882902,26649.046140795486,27099.657309014478,27607.04190814995,27269.44115989699,26787.29168025156,27126.389995383026,27720.49936300509,27514.17040993815,26932.309798277594,27087.699125730887,27700.472199973134,27639.4742893546,27022.25321796575,27001.019060733208,27610.12644888478,27700.874531373327,27076.031515125218,26872.675344070834,27455.564135976332,27715.96195888066,27151.021617772774,26808.369375272916,27329.723814692952,27736.816136457463,27273.39741866558,26814.896084653865,27231.689063511978,27739.319531836456,27384.150312441627,26809.039927606576,27053.635067181,27612.585140774863,27387.167797943093,26739.168374439287,26789.52685469709,27329.142669337118,27208.309138811725,26503.20100822461,26369.671686848604,26907.052327043097,27008.797467803655,26410.88830362419,26184.88981543658,26748.62316234388,27042.570953675626,26531.76653763849,26214.774097773327,26728.998330712122,27171.71933313839,26768.940898053756,26340.21208765651,26735.34622613743,27286.49554091639,27020.10745049804,26494.662641842682,26735.681502304258,27340.6538177316,27217.451002293947,26642.40767269226,26716.280188117053,27334.68590196203,27361.284477863846,26766.571613141492,26677.81283590947,27276.593718122687,27462.739045946488,26900.458562428783,26655.75166413208,27190.360688014116,27517.925503006638,27021.20268597635,26632.30468419846,27081.664154727958,27526.776793810943,27126.88173376104,26634.696320855182,26963.892813192942,27495.171427151137,27227.978673932397,26669.118007316352,26842.232268122705,27424.159935016625,27316.22336104195,26727.47841208916,26751.48418563416,27350.019198658374,27405.652690607632,26807.967043872723,26676.829359153435,27250.64334281008,27466.62824948171,26913.37787072395,26620.21239044814,27150.32871369466,27503.553331321877,27028.690520368877,26619.005396247554,27043.06269205364,27504.849732500286,27141.03038800125,26629.108384741354,26919.27873126015,27470.271583827925,27246.28475264129,26679.24334755461,26814.963139887233,27395.214425947004,27332.070747860762,26736.53086859356,26724.103298676408,27318.03385234283,27406.032670263372,26816.25954106564,26636.260942967052,27196.440362505957,27440.85668812474,26901.12911476244,26573.676058492194,27065.749712675777,27461.934383146094,27020.889761553975,26586.193035387165,26982.19889190184,27469.757493705452,27144.51726013628,26634.517506899538,26906.31471947607,27479.14522637668,27302.186465524017,26724.215057398687,26833.000997662664,27435.492269455466,27423.109403027225,26830.8328784505,26773.455950433727,27376.103684437716,27517.903151262184,26938.411824513892,26727.076080688967,27280.997011780386,27574.050733333916,27064.54271847519,26717.330720106453,27184.884510622564,27599.21879759059,27185.018621089297,26726.696101033223,27079.049000626685,27589.540492241442,27308.53436094932,26769.522043409594,26975.918051709898,27539.472584661555,27402.47874289498,26836.867849453432,26890.55673963508,27486.074267157826,27519.892456518708,26929.694644176325,26814.538456742583,27393.538045112855,27585.248957306023,27013.267816694715,26746.34328440944,27270.603450608665,27591.686259709153,27094.494056045303,26705.52899903405,27139.7563385673,27578.610489202798,27182.247004776837,26696.09656287391,27012.59726436106,27551.54252666742,27297.134971277115,26730.652359801814,26910.67330964486,27511.935235492616,27414.928664556584,26803.451991492748,26819.724061456214,27440.990798591472,27508.82834301333,26906.56058866508,26756.938011281254,27348.27576259086,27580.06335259239,27006.137610213475,26700.56691176497,27226.235237864883,27598.257672579013,27103.188884638417,26679.62332721035,27101.93718694892,27595.396649288734,27230.39266233357,26701.170408865262,26998.80623803213,27580.13040782576,27355.428320816558,26748.19847919923,26893.306004203085,27524.11693622076,27475.68070598611,26844.288628612594,26806.290663038573,27442.980103847996,27555.968172069573,26938.99296986973,26745.046883231033,27342.017274143374,27615.51321929851,27047.622447922524,26710.960472936687,27233.00781643484,27651.85715578284,27189.176045557982,26728.417185356284,27123.350158137102,27650.13607145978,27316.98332035343,26766.437502674762,27024.622502878014,27623.872771724797,27451.652580696653,26843.729835001213,26930.544010465626,27564.484186707043,27555.677599391653,26939.305894292105,26872.69769581529,27491.10340966027,27650.694865071164,27048.5835729341,26809.50931424014,27381.401047873624,27695.510112704054,27156.6095538866,26784.050677305542,27267.00481975136,27717.57128448144,27286.629651383122,26792.67845066529,27147.825318315667,27688.961051578648,27391.057001478315,26816.103078854452,27026.075366267607,27644.168155690215,27508.91774999115,26889.550911134593,26940.46818500378,27579.057524091902,27609.50060004003,26976.365086599006,26866.863890512454,27487.14715089168,27687.53053993351,27087.252090841783,26803.854322892945,27363.921983709573,27715.78314492502,27179.34127799765,26758.212060715206,27221.608426762632,27690.65978415725,27281.131122247116,26758.368522926394,27088.615547253557,27657.489795385576,27388.397143888134,26792.00789833163,26962.976391670276,27582.298527037925,27486.186025880103,26862.79587302159,26870.55192834758,27504.134476677715,27577.515253724487,26976.85682497702,26821.579256246005,27414.05694652283,27658.47327214161,27100.97606193734,26790.890311108866,27307.10384930418,27684.624813154318,27214.277054581293,26783.044848805053,27196.239196805862,27671.303173458957,27329.45559375949,26819.12056435592,27081.88767217251,27629.907742727726,27433.70412989904,26862.75116953268,26979.24846163374,27566.272326263468,27521.5464856084,26941.116385592984,26906.582940409535,27497.786581252407,27624.65508278073,27048.382407234003,26852.26820138314,27407.485533652965,27684.602461409864,27157.660085876,26823.07682312451,27302.052355057283,27713.659729201765,27271.229299453415,26814.002014875656,27190.62890894758,27694.928967348216,27380.305812395312,26834.655026752356,27080.323050060637,27666.2293274676,27495.797275995887,26886.533425633126,26965.613897516003,27573.73780891154,27566.339381496833,26944.312685050096,26865.388675378406,27478.13939787619,27640.56952483291,27048.270648511727,26818.40530853335,27383.457408363513,27693.56551093644,27161.6610481335,26787.269328507107,27270.648154097576,27709.368194266346,27287.76959035034,26803.608453703935,27163.449187689926,27701.232159284613,27418.303777969337,26858.21376540825,27070.488282500304,27663.81533906643,27542.221849229558,26955.220336344282,26989.552615827637,27600.291681324445,27648.973780748103,27048.11418630054,26915.12130679146,27501.184046409613,27711.67042394524,27148.02648401576,26866.21568992325,27388.419495632592,27738.49251729161,27254.890174256587,26848.78132924811,27277.130159989618,27751.747101753608,27377.333030382757,26861.253602654175,27169.730027881866,27725.126174107336,27481.179235122116,26903.207826996786,27050.081139812606,27653.108853472335,27580.73390492605,26962.082321892063,26949.744158952733,27571.145006554725,27662.831862310395,27040.91692458593,26864.092274199997,27467.29880181537,27731.898752677294,27160.90108882202,26833.06805289603,27365.576012799265,27770.50021535161,27283.05337227027,26827.524820271115,27246.30710438575,27760.665447791274,27400.28827193836,26837.69486399828,27116.644634800512,27707.602406454374,27496.19960739608,26876.721009817247,26990.15611292793,27614.4179838202,27581.65032644872,26948.67127521888,26896.994042038208,27527.089718233314,27666.117568745325,27047.086006055597,26819.187619589284,27408.960748787016,27711.536313478508,27155.983705041854,26784.9223953393,27283.612165881656,27721.72870895013,27273.553880876767,26799.093401323964,27186.784408901265,27733.463374789164,27423.221161749505,26857.923192730334,27092.75061997779,27690.4362667127,27539.20436372809,26922.51973420617,26987.406848359926,27615.356757087324,27638.691978298662,27014.743031828766,26904.973614808754,27515.265645416457,27696.784162138007,27097.109210146573,26825.55786675905,27383.099780452227,27722.667482217254,27200.307214296725,26790.53268319758,27262.176842949015,27723.96388339566,27299.705421889477,26782.910738338323,27127.552286094702,27688.42460971172,27423.221161749505,26834.92324768582,27034.34551171607,27657.1768709632,27549.776738855453,26921.156277794395,26942.14456583793,27586.165378828693,27653.108853472335,27028.914037813433,26880.878434285933,27499.999403953483,27734.91623817876,27143.26556244678,26840.332369844007,27388.777123543874,27766.990991472125,27259.941668503485,26826.943674915277,27266.423674395523,27751.16595639777,27364.927812210062,26827.368358059928,27131.732062307845,27706.86479888735,27476.06068564185,26875.782236550123,27019.81687782012,27642.469423111612,27576.88940487974,26955.19798459983,26932.309798277594,27548.279171976945,27655.254620940046,27052.852756125067,26857.431454352314,27445.841127138276,27716.073717602936,27151.46865266188,26808.101154339452,27317.60916919818,27722.689833961707,27250.553935832257,26795.8747501224,27203.615272476112,27720.49936300509,27383.144483941138,26834.275047096617,27102.898311960496,27688.62577541182,27498.188912652604,26895.27295771515,27004.72945031279,27624.163344402714,27608.718288984095,26979.762551756212,26912.41674571237,27533.147040980704,27683.842502098385,27068.83425341061,26843.282800112105,27426.506868184435,27721.460488016666,27180.637679176056,26815.11960209842,27313.518799962858,27737.441985302212,27290.854131085176,26805.709517682735,27177.933118096964,27722.33220605042,27416.582693646276,26854.101044428477,27090.828369954634,27704.450810486178,27556.772834869964,26940.356426281505,27002.807200289633,27628.23136189358,27649.1749464482,27028.467002924324,26922.631492928445,27532.185915969127,27721.035804872015,27128.401652384004,26859.398407864384,27418.75081285844,27764.93463098224,27248.654037553555,26844.69096001279,27300.55478817878,27758.653790790297,27349.058073646793,26840.757052988658,27170.489987193345,27723.092165361904,27461.643810468177,26881.45957964177,27057.45721548286,27669.246812969068,27580.957422370604,26965.412731815904,26974.39813308694,27598.257672579013,27669.51503390253,27060.429997495416,26904.88420783093,27508.11308719076,27742.940514438214,27172.211071516405,26865.41102712286,27398.678946337575,27775.283488665045,27280.371162935637,26845.40621583536,27265.082569728205,27751.612991286875,27378.98705947245,26841.002922177664,27124.870076760064,27698.639356927797,27480.62044151073,26883.739457576212,27017.469944652315,27637.060300953424,27580.666849692687,26948.894792663432,26908.840466599522,27530.218962457056,27648.19146969217,27036.983017561797,26841.293494855585,27429.90433334164,27712.117458834346,27156.90012656452,26811.766840430122,27330.41671877107,27754.809290743982,27289.222453739938,26814.605511975948,27219.39560406156,27750.473052319656,27412.157048244128,26836.30905584205,27095.499884545792,27688.111685289346,27504.91678773365,26885.37113492145,26971.87238596349,27603.13035287027,27606.08078313837,26966.262098105206,26875.245794683196,27508.850694757784,27678.455731684655,27071.695276700888,26824.30616906955,27399.125981226684,27724.030938629025,27175.072094806685,26787.31403199602,27283.07572401473,27736.816136457463,27292.17288400804,26788.521026196602,27158.241231231837,27717.14660133679,27427.95973157403,26848.289590870096,27069.527157488723,27680.400333452268,27547.496860921012,26923.14558305092,26980.187234900863,27619.782402489473,27661.75897857654,27027.63998837948,26903.297233974605,27522.798183297895,27722.82394442844,27126.054719216198,26840.913515199845,27402.814019061807,27754.608125043887,27247.7823195198,26830.609361005947,27289.177750251027,27767.885061250337,27358.959896440494,26835.325579086017,27168.210109258904,27736.324398079443,27475.457188541557,26875.916347016853,27050.416415979438,27676.578185150407,27589.294623052436,26963.66929574839,26966.239746360752,27599.55407375742,27687.038801555493,27057.121939316028,26897.195207738307,27504.91678773365,27746.606200528888,27161.705751622412,26849.764806004147,27387.95010899903,27770.522567096064,27286.227319982925,26847.484928069705,27274.760875077354,27773.182424686245,27408.558417386823,26873.03297198212,27159.58233589916,27739.364235325367,27528.229657200536,26926.990083097233,27056.518442215736,27669.626792624807,27624.342158358355,27001.801371789144,26952.20285084282,27562.22666051706,27682.00965905305,27081.306526816672,26878.777370307133,27455.184156320593,27732.323435821945,27185.644469934046,26840.421776821826,27343.64895148861,27755.233973888633,27307.528532448832,26852.245849638686,27239.28865662678,27746.15916563978,27424.71872862801,26863.466425355247,27103.45710557188,27695.912444104248,27528.475526389546,26932.71212967779,27020.82270632061,27641.93298124468,27644.145803945758,27026.231828478794,26944.7597199392,27556.03522730294,27724.00858688457,27129.407480884493,26890.444980912805,27450.311476029336,27756.083340177935,27226.10112739815,26852.558774061057,27329.232076314936,27771.707209552194,27356.300038850313,26869.7919690361,27228.984502432886,27774.054142720004,27478.027639153916,26917.512943448182,27131.866172774575,27720.901694405282,27589.74165794154,26979.807255245123,27021.046223765163,27644.704597557142,27682.166121264236,27074.668058713443,26943.373911782972,27540.16548873967,27751.12125290886,27175.675591906976,26889.685021601323,27431.603065920244,27785.766456814585,27296.039735798808,26895.02708852614,27340.78792819833,27818.109431041412,27440.119080557717,26932.086280833042,27230.86204896713,27771.908375252293,27536.432747415634,26949.52064150818,27099.433791569925,27700.807476139962,27620.85528622333,27006.00349974674,26988.94911872734,27602.973890659083,27696.314775504445,27084.703991973878,26915.56834168057,27506.816686012353,27760.576040813452,27200.10604859663,26870.618983580945,27389.715896810998,27788.49336963813,27317.184486053528,26866.6403730679,27273.911508788053,27774.188253186734,27425.27752223939,26878.41974239585,27150.596934628124,27737.553744024488,27541.774814340453,26928.37589125346,27046.706026399857,27680.489740430086,27643.028216722993,27013.692499839366,26958.23782184575,27599.12939061277,27736.994950413104,27123.014881970274,26907.722879376757,27495.104371917772,27800.65271862182,27238.5286973153,26866.394503878895,27365.106626165703,27797.92580579827,27344.78889045583,26860.493643342692,27236.539392058778,27777.809235788496,27457.39697902167,26884.968803521253,27122.36668138107,27727.316645063955,27566.048808818916,26939.41765301438,27011.256159693738,27640.815394021916,27658.361513419335,27030.59041864758,26925.537219707636,27542.11009050728,27731.563476510466,27134.682492575943,26873.301192915584,27436.587504933777,27776.132854954347,27259.338171403193,26858.88431774191,27333.367149039168,27793.678974351762,27377.13186468266,26866.28274515662,27214.366461559115,27772.198947930214,27498.09950567478,26911.142696278417,27102.36187009357,27708.80940065496,27591.686259709153,26970.397170829438,26996.749877542246,27628.85721073833,27692.783199880505,27071.672924956434,26929.605237198502,27535.78454682643,27766.74512228312,27179.564795442202,26873.122378959943,27415.979196545984,27787.73341032665,27288.998936295386,26854.25750663966,27302.007651568372,27795.534169141552,27413.76637384491,26884.857044798977,27196.485065994868,27767.885061250337,27540.25489571749,26949.833565930556,27090.783666465722,27713.793839668495,27649.018484237014,27026.053014523153,27003.7236218123,27630.4218328502,27735.519735279053,27119.997396468807,26936.89190589093,27532.58824736932,27791.890834795337,27233.790127490774,26899.296271717107,27422.528257671387,27814.84607635094,27342.754881710396,26893.887149558923,27297.380840466125,27809.03462279256,27468.371685549224,26924.084356318042,27190.09246708065,27767.52743333905,27577.78347465795,26981.14835991244,27084.413419295957,27695.01837432604,27669.805606580452,27047.376578733514,26989.597319316545,27607.108963383314,27746.87442146235,27155.00022828582,26932.555667466604,27509.051860457883,27808.676994881273,27269.97760176392,26908.37107996596,27398.902463782128,27824.814954378005,27393.158065457115,26917.714109148277,27285.892043816097,27812.3650327164,27512.20345642608,26951.688760720346,27176.055571562716,27768.30974439499,27620.43060307868,27022.767308088223,27078.53491050421,27686.74822887757,27702.77442965203,27086.425076296935,26982.936499468866,27583.97490787207,27766.409846116287,27184.43747573346,26933.22621980026,27482.229767111516,27816.611864162907,27307.752049893388,26917.267074259173,27371.968611713484,27831.855753881428,27421.56713265981,26925.023129585163,27264.25555518336,27815.181352517768,27549.776738855453,26978.332040111072,27165.214975501895,27753.11055816538,27649.465519126123,27048.941200845387,27061.72639867382,27674.343010704877,27738.35840682488,27127.015844227775,26986.378668114983,27576.107093823804,27790.37091617238,27230.549124544756,26924.71020516279,27451.697284185564,27808.989919303647,27318.279721531835,26902.55962640758,27327.421585014057,27814.197875761736,27443.76241490393,26910.51684743367,27201.693022452953,27766.432197860744,27547.809785343386,26963.557537026114,27102.74184974931,27714.643205957796,27646.559792346932,27033.674959382413,27009.31155792613,27627.829030493383,27739.565401025466,27147.780614826755,26957.969600912285,27536.700968349098,27798.574006387476,27248.609334064644,26906.56058866508,27412.42526917759,27816.723622885183,27356.612963272688,26894.22242572575,27291.54703516329,27804.296052968035,27478.742894976487,26932.488612233235,27181.062362320707,27771.349581640912,27594.390820788245,26988.01034546022,27085.620413496545,27709.368194266346,27701.05334532897,27080.300698316183,27007.85869453653,27631.159440417225,27782.79367480203,27183.275185021783,26956.181461355864,27527.380290911235,27830.246428280643,27286.808465338763,26905.28653923113,27380.238757161947,27822.17744853228,27390.22998693347,26892.233120469227,27260.992200492885,27807.067669280492,27506.995499967994,26936.15429832391,27144.785481069743,27751.322418608957,27620.721175756596,26998.895645009954,27048.628276423013,27678.4333799402,27709.3905460108,27085.709820474367,26959.37776081297,27575.391838001233,27780.424389889766,27182.247004776837,26901.19616999581,27459.922726145116,27809.615768148396,27289.82595084023,26869.166120191352,27331.131974593638,27808.766401859095,27405.451524907534,26877.771541806644,27209.85140917914,27778.859767777893,27520.92063676365,26919.85987661599,27095.254015356782,27719.06885135995,27624.923303714193,26986.021040203697,26993.598281574046,27627.471402582098,27707.870627387838,27091.87890194403,26925.268998774172,27534.68931134812,27780.424389889766,27204.934025398976,26890.444980912805,27429.680815897085,27816.969492074193,27338.820974686263,26894.915329803865,27316.960968608975,27822.98211133267,27458.29104879988,26912.573207923557,27198.13909508456,27773.11536945288,27560.103244793805,26972.162958641406,27106.161666650973,27718.01831937055,27677.248737484068,27057.59132594959,27015.748860329255,27641.351835888843,27758.16205241228,27140.695111834422,26926.8559726305,27506.570816823343,27787.06285799299,27242.95434271745,26900.525617662148,27405.339766185258,27827.318349757,27384.84321651974,26920.798649883112,27303.236997513413,27824.636140422364,27498.47948533052,26947.061949618095,27197.58030147318,27786.034677748048,27612.696899497143,26999.029755476688,27083.83227394012,27705.30017677548,27703.42263024123,27080.904195416475,26993.754743785234,27603.93501567066,27765.11344493788,27170.445283704437,26925.89484761892,27489.516435803944,27805.301881468524,27274.738523332897,26901.062059529075,27378.830597261265,27824.144402044345,27400.310623682813,26908.460486943783,27266.177805206516,27805.92773031327,27530.889514790717,26968.497272550736,27174.312135495205,27785.2076632032,27661.96014427664,27048.762386889743,27090.850721699087,27714.173819324235,27761.11248268038,27150.261658461295,27026.254180223248,27623.202219391136,27817.014195563104,27236.96407520343,26963.110502137006,27499.328851619823,27844.328027287487,27346.666436990075,26935.863725645988,27370.22517564597,27835.65555043883,27453.731292931,26943.08333910505,27260.746331303875,27818.109431041412,27576.911756624195,27000.750839799744,27162.644524889532,27768.622668817363,27687.061153299946,27077.439675025904,27071.11413134505,27678.232214240103,27770.991953729626,27159.18000449896,26997.062801964617,27577.157625813205,27826.55839044552,27275.520834388833,26959.08718813505,27475.01015365245,27865.60688800894,27391.459332878512,26948.22424032977,27355.517727794377,27849.84890816795,27491.326927104823,26956.628496244968,27224.447098308457,27802.64202387834,27600.202274346626,27002.203703189338,27121.6514255585,27743.34284583841,27706.976557609625,27076.411494780958,27018.431069663893,27637.03794920897,27772.467168863677,27163.918574323485,26945.05029261712,27529.16843046766,27825.194934033745,27272.30218318727,26907.924045076856,27406.5691121303,27828.45828872422,27376.953050727017,26893.12719024744,27282.67339261453,27821.685710154263,27503.01688945495,26930.36519650998,27167.584260414158,27768.130930439347,27608.874751195282,26989.083229194075,27061.771102162733,27686.52471143302,27694.61604292584,27060.83232889561,26963.557537026114,27582.454989249112,27766.566308327474,27154.441434674434,26889.237986712218,27471.00919139495,27817.50593394112,27286.428485683024,26889.21563496776,27383.524463596877,27848.597210478452,27420.09191752576,26916.37300448096,27266.960116262453,27824.345567744444,27536.58920962682,26951.889926420445,27153.077978262663,27767.885061250337,27654.04762673946,27022.320273199115,27057.323105016127,27698.639356927797,27747.075587162446,27114.968253966363,26973.168787141894,27591.194521331137,27812.297977483035,27222.658958752032,26924.33022550705,27478.63113625421,27856.532079760087
58129.55595607233,59541.69446726972,58210.60338146727,56689.29895035017,57899.08711899366,59669.52409380962,58773.10738242953,56971.221503164954,57669.15472378192,59601.32892147648,59089.608083916675,57008.37010244967,57115.45731013505,59055.1863974555,59021.99405693937,56878.99820554235,56413.54547900504,58304.748929113026,58845.86231063156,56889.03413880279,56003.03334033887,57825.25930705778,58973.53547496027,57370.84834228139,56136.27208903695,57705.78923294416,59304.654217321186,58075.576493212764,56454.65033705835,57587.906132686876,59485.77040264254,58662.46624737576,56707.69443603688,57248.24902394403,59303.58133358733,58961.8678643546,56826.516309561295,56801.88468717154,58840.83316812911,59033.10287393366,56921.868851407635,56334.979097244635,58266.03570771644,59023.5810307957,57140.58067090281,56082.449088388574,57824.96873437986,59121.481671509944,57625.568822094065,56252.501160204556,57699.93307589687,59427.25353565854,58374.7769444915,56733.64481134949,57780.82403908063,59786.22255161078,59215.89544008916,57378.6938045852,57869.627519801565,59924.691608511406,59796.482002315766,57782.88039957052,57663.16445626789,59632.01786661361,59963.60599560809,57951.56901497472,57230.21116616859,59031.06886518823,59853.791875099174,57949.959689373936,56610.17377497838,58081.320891537776,59310.97976100204,57644.54545313662,55791.3176168582,56760.62336690705,58325.60310668983,57110.58462984379,55031.60417456677,55651.79802796817,57601.943028204805,57050.369030281196,54962.35847024423,55261.96125292317,57516.514660896624,57756.035954479696,55860.786838625296,55750.57038671618,58059.371478482666,58941.79599783373,57252.607614112814,56663.59444422656,58759.24930086724,60075.78940102928,58542.75030407314,57339.75706574405,58938.93497454345,60471.370574399305,59107.377720758646,57348.49659782608,58343.50685399853,60043.20055761345,59032.76759776683,56978.08348871273,57501.22606768919,59415.72003551961,58958.29158524175,56845.85056851513,56901.99815058686,58946.780436847264,59120.00645637589,57069.9715101685,56612.29719070163,58625.31764809104,59364.17691280567,57449.92881416426,56480.22073271522,58239.77240798145,59492.364167256856,57945.46698873842,56543.096189868,57927.719703640905,59479.19898977268,58189.749203890475,56379.21319952169,57309.8280799184,59175.729355302974,58416.70881708966,56437.48419731668,56931.12247361213,59011.62284751211,58856.63585145901,56824.75052174932,56774.637910680525,58863.85546491807,59242.91869913563,57266.91273056421,56663.974423882304,58598.20498206675,59480.80831537346,57672.686299405854,56583.44108860983,58264.35932688229,59560.380525634355,58006.0402162123,56479.5278286371,57774.1855709774,59451.50517839255,58332.19687130414,56493.47531717722,57344.20506289066,59327.63181062124,58741.56907100309,56763.305576241684,57151.17539777463,59265.11398137975,59234.603850198255,57224.24325039903,57055.37582103918,59140.23478510795,59647.61938424342,57729.70559951134,57042.612974955206,58928.51906162728,59910.45354729337,58125.622049048194,56890.01761555882,58453.90211986329,59823.79583404015,58346.613746477815,56682.50402003575,57856.84232197313,59564.157970447304,58525.159481186805,56603.289437686144,57310.05159736295,59269.22670235953,58772.928568473886,56718.04329371969,56909.03895009029,58996.96010314943,59084.98127281443,57082.801411485845,56809.81955645318,58876.32773832414,59538.02878117905,57663.522084179174,56873.25380721734,58758.95872818932,59903.03276813421,58262.43707685913,56976.250645667395,58504.7076350102,60009.98586535286,58655.80542752808,56934.05055213578,57964.3318610587,59726.2975247261,58803.81867931112,56799.33658830364,57348.67541178172,59313.3490459143,58912.98459923084,56824.75052174932,56884.49673467836,58940.991335033345,59117.301895296805,57057.67805071808,56586.39151887793,58556.04959202404,59281.47545832103,57398.36333970587,56423.335543076464,58228.37301830924,59478.84136186139,57887.08423222116,56509.61327667395,57961.202616834955,59594.60104639543,58414.89832578878,56703.827584246115,57701.22947707528,59596.47859292968,58886.877761707045,56959.196264647995,57460.6129480139,59492.81120214596,59307.78346154493,57301.96026587013,57255.111009491804,59271.037193660406,59573.83627579645,57574.58449299151,56956.44700007999,58829.32201973463,59654.816645958024,57829.88611816003,56725.57583160113,58360.71769722911,59685.05855620606,58184.630654410204,56693.4340230744,58009.34827439169,59706.2927134386,58625.11648239094,56851.84083602916,57745.64239330798,59695.09448946649,59078.58867390021,57081.34854809625,57447.20190134071,59529.691580497216,59451.6839923482,57368.18848469121,57150.8401216078,59181.898436772644,59614.918782105306,57554.64673693738,56747.61465163406,58607.92799090481,59556.3572116324,57720.09434939556,56450.26939514511,58054.54350168032,59495.76163241406,58043.769960852864,56417.45703428472,57678.87773261997,59536.50886255609,58555.0214117791,56684.40391831445,57465.217407371696,59530.250374108604,59072.553702897276,57005.50907915939,57210.27341011446,59332.21391823458,59392.675386986186,57209.28993335843,56769.92169260046,58763.04909742464,59305.86121152178,57211.05572117039,56198.588752578355,58008.05187321328,59114.954962129,57326.72599872661,55921.27065912136,57502.56717235651,59152.93057595856,57817.50325173179,56121.22936501853,57337.70070525417,59325.53074664244,58500.19258263023,56581.22826590875,57266.91273056421,59429.24284091507,59115.29023829583,57022.78697762334,57095.60896105874,59241.91287063514,59458.07659126241,57338.01362967654,56781.67871018395,58782.718632545315,59500.14257432731,57503.88592527938,56434.93609844877,58210.17869832262,59462.14460875328,57799.55480093417,56305.58655328591,57754.5830910901,59456.221396472625,58227.210727597565,56433.41617982581,57453.95212816622,59463.843341331885,58771.475705084296,56790.373538777065,57309.33634154038,59488.67612942173,59366.70265992912,57304.687178693675,57248.986631511056,59429.175785681706,59843.19714822736,57781.96397804785,57122.02872300491,59112.675084194554,59996.261894257295,58026.782635066826,56784.8526578966,58473.348137539404,59818.18554618187,58190.37505273522,56524.38777975891,57836.79280719672,59618.56211645152,58473.9516346397,56553.154474872885,57465.977366683175,59559.329993644955,58998.68118747249,56962.32550887174,57360.767705532046,59614.53880244956,59624.86530838792,57515.7770533296,57302.13907982577,59451.751047581565,59972.2561207123,57894.32619742468,57057.58864374026,58977.37997500658,59953.88298677003,58074.54831296782,56730.0908839811,58287.91806553818,59722.60948689097,58237.134902135724,56521.81732914655,57688.488982735755,59491.8947806233,58515.503527582114,56590.88421951345,57320.266344579024,59359.37128774778,58941.50542515581,56945.22642436343,57150.750714629976,59261.984737156,59423.76666352352,57436.58482272444,57098.09000469327,59145.59920377722,59825.65102882994,57954.362983031635,57088.21053364403,58883.5473517832,60012.60101945413,58331.30280152593,56946.969860430945,58377.63796778178,59894.24853256328,58549.567586132005,56782.48337298434,57796.425556710434,59636.19764282676,58760.25512936773,56742.11612249805,57287.09635580735,59333.13033975725,59022.88812671759,56923.947563641974,56964.18070366153,59130.444721036525,59432.796768283464,57385.95812153317,56903.71923490992,58968.171056290994,59795.8114499821,57908.05016852024,56892.40925221554,58716.37865500196,60023.8662986596,58381.95185446166,56890.95638882594,58320.484557209566,59986.8071063527,58717.563297458095,56835.05467594322,57778.16418149045,59723.59296364701,58983.72787043189,56909.39657800157,57336.47135930912,59427.43234961419,59226.46781521652,57102.00155997295,56975.28952065582,59053.93469976601,59409.21567788311,57371.36243240386,56693.054043418655,58615.6840462308,59537.090007911924,57723.35770408603,56569.49360006972,58242.78989348291,59642.746703952165,58185.52472418842,56658.78881916867,57964.3318610587,59734.791187619114,58715.305771268104,56896.94665633997,57725.257602364734,59727.951553815794,59195.28713170137,57163.71472641406,57439.02116287007,59532.53025204304,59484.78692588651,57359.001917720074,57047.48565524646,59067.92689179503,59590.62243588239,57563.34156553049,56715.159918684956,58592.99702560867,59662.930329195304,57878.702328050415,56559.68118425384,58165.85518906775,59735.864071352975,58362.08115364089,56682.54872352466,57898.304807937726,59819.526650849184,58900.53467756924,56959.91152047057,57680.48705822076,59786.200199866325,59399.49266904505,57285.30821625092,57410.254467756095,59549.69639178472,59675.9837479572,57512.71486433922,57031.23593702745,59051.02897298682,59711.85829780797,57680.732927409765,56658.76646742421,58478.891370164325,59689.2383324192,57982.05679441176,56516.72113141074,58020.32298091924,59699.81070754656,58432.44444518619,56671.55166525265,57767.994137763286,59759.19929256431,58996.73658570488,57030.364218993695,57595.1928013793,59742.59194643402,59512.16781284426,57410.07565380045,57373.30703417147,59466.95023381117,59744.648306923904,57626.44054012782,56973.34491888821,58909.22950616235,59700.63772209141,57743.11664618453,56585.63155956645,58281.324300923865,59585.01214802411,57973.36196581864,56418.50756627412,57796.93964683291,59552.557415074996,58441.16162552377,56617.19222273734,57587.50380128668,59674.59793980097,59094.63722641912,57091.607998801235,57510.65850384933,59671.35693685496,59619.23266878518,57493.96175074122,57287.9233703522,59389.79201195145,59815.8162612696,57713.90291618144,56908.70367392346,58795.101498973556,59727.97390556025,57831.69660946091,56514.35184649847,58109.417034318096,59539.92867945775,58024.43570189902,56354.134542242835,57622.10430170349,59463.217492487136,58450.68346866173,56562.27398661066,57398.720967617155,59503.54003948451,59036.701504790966,56995.74136683242,57285.15175403974,59466.05616403296,59571.7575635621,57500.33199791098,57189.7992121934,59278.34621409729,59893.510924996255,57893.58858985765,57013.66746588558,58850.93615662291,59914.16393687296,58146.00683999144,56739.970355030346,58226.316657819356,59740.759103388686,58345.83143542188,56573.516914071675,57653.01676428518,59512.10075761089,58599.50138324516,56601.97068476328,57224.89145098823,59312.81260404737,58970.42858248098,56890.487002192385,57004.793823336826,59181.13847746116,59416.725864020096,57367.02619397953,56940.689020239,59004.29147533077,59791.69872900233,57865.17952265496,56869.54341763776,58694.47394543576,59956.565196104675,58287.62749286026,56809.2607628418,58287.71689983808,59930.19013764741,58645.85890124547,56805.48331802885,57799.06306255616,59729.40441720539,58914.75038704281,56841.58138532417,57293.28778902147,59386.0145671385,59154.919881215086,57006.55961114879,56923.72404619742,59057.91331027905,59412.14375640676,57329.8328912059,56716.679837307915,58742.15021635893,59672.1839513998,57819.00081861029,56725.57583160113,58498.67266400727,59917.069663652146,58403.118956460836,56857.764048309815,58225.35553280778,59995.94896983492,58880.70868023738,56980.13984920262,57820.63249595553,59782.914493431395,59116.6536947076,57001.1057855017,57287.16341104072,59350.721162643575,59249.80303642787,57081.50501030744,56803.96339940589,58858.37928752653,59367.999061107526,57362.30997589946,56603.691769086334,58552.78623733357,59616.88573561737,57877.20476117191,56667.34953729505,58354.61567099282,59883.60910220255,58468.20723631469,56812.0100274098,58023.54163212081,59869.05811656215,58848.432761243916,56859.440429143964,57547.09184731148,59567.48838037114,59079.52744716733,56953.65303202308,57080.02979517339,59205.68069287309,59305.25771442148,57209.960485692085,56847.01285922681,58950.691992126944,59650.39100055588,57693.83104966057,56779.71175667188,58670.37876491294,59874.57899744261,58165.6763751121,56784.204457307394,58316.416539718695,59922.41173057696,58559.82703683699,56754.38723020402,57817.056216842684,59718.653228122384,58839.000325083776,56763.886721597526,57319.26051607854,59419.273962888,59101.25334277789,56935.21284284745,56971.66853805406,59137.284354839845,59411.45085232864,57323.64145799178,56797.66020746949,58874.785467956724,59746.481149969244,57839.899699676,56763.50674194178,58578.91542660182,59908.732462970314,58271.333071152345,56741.08794225311,58151.59477610526,59847.6227936295,58596.953284377254,56710.91308723845,57650.31220320609,59621.66900893081,58871.902092921984,56770.011099578274,57164.02765083643,59255.54743475288,59076.97934829943,56918.47138625043,56785.545561974715,58912.91754399748,59320.255734950995,57211.94979094861,56508.54039294009,58500.14787914132,59469.14070476779,57602.010083438174,56422.441473298255,58175.64525313917,59644.91482316433,58136.41794162011,56564.062126167075,57948.909157384536,59786.5131242887,58723.86648939449,56829.9137747185,57701.38593928647,59783.83091495406,59200.562143392825,57081.750879496445,57389.06501401246,59549.78579876254,59515.02883613454,57337.67835350971,57045.13872207865,59141.24061360844,59644.624250486406,57555.809027649055,56700.56422955564,58610.65490372836,59677.66012879135,57825.88515590253,56497.00689280115,58145.40334289114,59681.594035815484,58219.52172750494,56532.92614614084,57796.649074154986,59688.25485566317,58731.80135867612,56778.57181770466,57528.8304720915,59639.05866611704,59211.06746328682,57090.22219064501,57258.37436418228,59412.34492210686,59535.413627077774,57387.00865352257,56965.23123565093,59014.48387080239,59660.89632044987,57641.52796763516,56667.50599950624,58492.19065811523,59650.30159357806,57912.54286915575,56494.21292474424,58017.88664077361,59645.00423014215,58334.029714349475,56577.09319318452,57704.73870095476,59657.65531750385,58831.154862779964,56858.61341459912,57475.43215458777,59592.41057543881,59312.276162180446,57184.79242143541,57173.63890095221,59310.175098201646,59567.91306351579,57453.70625897721,56877.545342152756,58873.13143886703,59669.90407346536,57705.81158468862,56600.070786484575,58357.0743628829,59647.14999760986,57997.52420157483,56477.29265419157,57925.5739361732,59636.08588410448,58407.34343616288,56559.36825983146,57554.71379217074,59564.80617103651,58879.65814824798,56835.47935908787,57285.330567995385,59432.21562292762,59249.02072537193,57096.39127211467,56977.81526777927,59091.642092662114,59470.05712629046,57387.90272330079,56674.99383389877,58631.442026071796,59560.55933959,57712.58416325857,56532.255593807175,58222.315695561854,59641.897337662864,58140.865938766714,56547.87946318144,57857.5575777957,59637.13641609388,58565.34791771745,56661.538083736676,57473.84518073144,59505.12701334084,58942.19832923393,56848.957460994425,57108.01417923143,59213.74967262145,59214.7778528664,57082.6225975302,56784.04799509621,58884.642587261515,59471.64410014679,57469.44188707374,56620.79085359465,58541.99034476165,59661.119837894425,57900.45057540543,56584.44691711032,58222.76273045096,59793.48686855875,58408.25985768555,56688.20371487185,57848.68393524694,59729.18089976083,58787.5242576032,56781.38813750603,57424.76074990759,59476.04739380448,59046.80449328476,56903.048682576264,57001.79868957981,59131.38349430365,59293.56775207136,57158.17149378914,56700.69834002237,58795.54853386266,59533.4019700768,57567.968376632736,56591.01832998018,58463.17809381224,59703.834021548515,57983.42025082353,56546.13602711392,58050.74370512291,59717.62504787744,58417.26761070104,56591.890048013935,57629.65919132939,59544.667249282276,58711.95300959981,56675.93260716589,57194.22485759555,59321.93211578514,59065.46819990495,56941.20311036147,56933.42470329103,59096.69358690901,59429.84633801536,57362.421734621734,56804.05280638371,58831.19956626887,59710.31602744055,57829.95317339339,56717.28333440821,58450.10232330589,59791.31874934659,58193.70546265906,56634.85010085704,57989.34346310419,59695.3403586555,58530.30038241153,56655.63722320047,57570.404716778365,59574.17155196328,58911.1070526966,56849.49390286135,57237.229613927564,59370.03306985296,59260.04013538839,57126.54377538488,56951.08258141072,59068.575092384235,59508.16685058676,57452.052229887515,56717.97623848632,58676.301977193594,59666.640718774885,57836.837510685626,56614.688827358346,58290.15323998371,59747.01759183617,58256.2009401561,56621.23788848375,57899.98118877187,59720.08373976753,58679.0512417616,56738.47278815184,57531.132701770395,59583.89456080134,59042.60236532717,56947.34984008668,57200.97508442105,59307.939923756116,59311.4491476356,57190.872095927254,56852.176112195986,58901.04876769171,59470.414754201745,57460.25532010262,56604.742301075734,58502.53951579804,59627.5251659781,57876.914188493996,56537.70941945427,58137.870805009705,59697.15084995638,58323.43498747766,56605.949295276325,57790.74821361878,59679.06828869203,58765.84306548155,56816.32391408968,57497.04629147605,59593.14818300583,59217.415358712125,57135.66328712265,57246.68440183216,59345.89318584123,59485.032795075516,57373.53055161602,56912.078787336206,58920.785358045745,59615.477575716686,57635.87297628796,56633.419589211895,58428.01879978405,59622.76424440912,57946.09283758317,56506.461680705754,57973.69724198547,59596.27742722958,58332.53214747097,56566.07378316805,57614.817633011065,59540.1521969023,58766.33480385957,56784.02564335176,57317.405321288745,59417.552878564944,59179.77502104939,57083.091984163766,57035.57217545178,59142.671125253575,59445.313745178435,57397.4469181832,56812.188841365445,58778.96353947682,59614.96348559421,57725.88345120948,56630.08917928806,58370.68657525618,59712.61825711945,58144.1739969461,56630.58091766607,58016.05379772828,59754.05839133959,58620.42261605533,56808.34434131913,57716.80864296063,59709.62312336244,59058.092124234696,56989.527581873845,57340.897004711274,59418.893983232265,59298.216914918055,57161.47955196853,56954.68121226803,58995.48488801538,59426.717093791616,57408.846307855405,56669.31649080712,58583.78810689308,59585.14625849084,57800.0912428011,56605.43520515385,58277.63626308874,59726.52104217065,58303.31841746789,56717.8868315085,58005.72729178993,59828.199127697844,58825.768092366234,56939.03499114931,57690.65710194792,59709.82428906254,59207.71470161852,57116.127862468704,57304.1730885712,59388.13798286176,59418.44694834315,57300.12742282479,56922.7852729303,58951.3625444606,59518.62746699184,57518.36985568641,56602.0600917411,58433.40557019777,59526.11530138437,57797.99017882231,56456.50553184814,58004.16266967806,59563.68858381374,58232.172814866644,56532.85909090747,57680.55411345412,59582.10642124491,58741.21144309181,56806.42209129597,57466.7149742502,59559.195883178225,59242.31520203534,57182.82546792334,57253.88166354677,59366.97088086258,59577.79253456504,57479.63428254537,56978.95520674649,58988.57819897869,59715.792204832105,57731.270221623214,56651.30098477614,58434.36669520935,59668.22769263121,57955.86054991014,56440.63579328487,57875.75189778232,59560.55933959,58317.7129408971,56498.347997468474,57506.21050670272,59494.42052774674,58804.802156067155,56801.37059704907,57324.781396959,59530.384484575334,59408.612180782824,57363.49461835559,57318.813481189434,59461.92109130873,59852.27195647621,57792.55870491966,57142.97230755953,59119.55942148679,59984.12489701807,58056.130475536644,56825.5104810608,58473.14697183931,59788.636540011954,58141.31297365582,56468.24019768718,57753.86783526753,59487.84911487688,58330.744007914545,56404.045987611535,57276.591035913356,59335.2537554805,58781.26576915572,56740.439741663904,57130.25416496446,59352.12932254426,59393.301235830935,57323.976734158605,57137.965516801545,59318.46759539457,59887.90063713797,57861.69265051993,57051.754838437424,58969.445105724946,59967.42814390995,58093.56964749929,56726.91693626845,58281.21254220159,59711.70183559678,58187.80460212286,56449.24121490017,57625.76998779416,59422.29144838947,58422.63202937032,56482.41120367184,57217.42596834016,59310.19744994611,58894.67852052194,56836.03815269926,57059.98028039697,59227.09366406127,59347.94954633112,57276.1216492798,56924.77457818682,59002.97272240791,59667.557140297555,57705.02927363268,56785.053823596696,58640.47213083174,59794.1127174035,58063.08186806225,56649.04345858616,58142.967002745514,59725.11288226997,58396.547543590976,56639.94629859285,57714.72993072629,59594.69045337325,58740.138559357954,56743.56898588765,57305.71535893862,59387.33332006137,59067.21163597246,56948.31096509826,56979.08931721322,59111.89277313862,59376.93975888965,57295.14298381126,56769.0499745667,58803.86338280003,59623.300686276045,57709.76784345721,56662.32039479261,58451.488131462116,59734.63472540793,58101.83979294775,56607.53626913265,58045.55810040928,59735.30527774159,58507.43454783375,56667.01426112822,57640.6562496014,59617.17630829529,58895.550238555705,56847.21402492691,57290.82909713138,59396.095203887846,59215.33664647778,57101.64393206167,56976.60827357868,59085.60712165918,59462.993975042584,57368.83668528041,56653.40204875494,58586.135040060886,59486.686824165205,57598.45615606978,56398.949789875725,58093.59199924374,59482.082364807415,57954.56414873173,56392.3113217725,57737.59576530407,59535.860661966886,58502.181887886756,56678.61481650053,57562.022812607625,59615.58933443896,59096.06773806426,57079.20278062854,57412.33317999043,59534.810129977486,59499.80729816047,57394.094156514904,57095.58660931428,59105.52252596886,59579.29010144355,57529.97041105872,56687.51081079374,58506.11579491089,59519.61094374787,57711.73479696927,56414.461900527705,57992.025672438824,59466.01146054405,58069.25094953191,56428.1188163899,57630.24033668522,59502.86948715085,58584.391603993376,56691.15414513995,57433.679095945256,59531.792644476016,59123.78390118884,57077.05701316083,57242.16934945218,59375.330433288866,59514.11241461187,57424.82780514095,57011.78991935134,59050.045496230785,59723.25768748018,57736.85815773704,56741.60203237558,58543.19733896224,59714.473451909245,58009.594143580696,56554.205006862285,58036.639754371616,59659.376401826914,58363.73518273058,56608.00565576621,57695.03804386116,59642.6796487188,58856.36763052555,56856.24412968685,57419.66455217178,59539.7051620132,59290.5949700588,57178.46687775456,57166.776915404436,59293.29953113789,59568.31539491599,57451.38167755386,56850.49973136184,58819.17432775192,59605.978084323186,57660.86222658899,56547.5441870146,58272.29419616392,59590.22010448219,57977.96642517643,56428.69996174574,57828.27679255925,59585.03449976856,58419.50278514657,56579.06014669659,57556.501931727165,59582.57580787848,58915.689160309936,56885.56961841221,57315.7289404546,59452.42159991522,59321.93211578514,57186.044119124905,57024.61982066868,59111.289276038326,59526.11530138437,57437.97063088067,56703.067624934636,58657.928843251335,59594.73515686216,57710.55015451314,56474.56574136803,58162.055392510345,59600.434851698265,58089.144002097135,56474.722203579215,57781.3381292031,59609.77788088058
